0.989041052023 -2.30674427068 1.24223411267 -3.13269594876 -2.28678398876 2.28479198019 -2.7930856303 0.677745262002 0.721703821038 -3.61481902571 -0.245896459082 5.7084557585 0.436655497976 -0.105661483813 -2.88887287371 -1.22407975862 0.460662315103 -0.774584606629 0.246659847217 -1.99248464478 
0.527962358028 1.13183702301 -0.65253277385 -2.02378804595 -1.45179360005 -1.3184162805 -0.262016871637 -0.1858050265 0.768323974353 -1.66862165212 0.577579890663 -1.30009264821 -2.4748776561 0.193320961954 0.357621111037 -0.578001451869 -1.17619963622 -0.460937343249 0.716971625907 0.953940429916 
-1.28669529118 -0.234309749066 -1.15568954387 4.40429767606 0.644267660397 -4.60745066139 3.09561830563 -1.29905697216 0.226244485465 0.47186412388 1.42918338993 -9.25612045425 0.909773414093 -1.30151609353 2.26004641634 3.17567094031 -0.290128482419 -1.27770988394 1.11995260718 3.04303098634 
-0.219457454983 -0.904176326008 2.56798453818 -0.561814438438 -1.60567643798 1.30775034075 -1.20820842012 0.74377050874 1.4967607325 -0.476993755503 0.266709903622 3.64216865035 2.21432823457 1.12642768618 -3.34129606949 -0.902079226378 -2.52619364633 -0.10129200092 0.790117691488 -0.955551683098 
0.852406103894 1.15169746824 -0.3183635269 0.394250592847 -1.25795071046 -1.43428439132 -1.78126538788 -0.272293572754 0.128004084895 -0.925621694914 -0.418125214712 1.05784434517 -1.6498511949 6.55475730441e-05 -0.334100589722 0.788578535171 1.06623315833 -0.172288158118 2.2894890967 0.991550561412 
2.11612861629 -0.106759047613 -1.92980712841 1.02645660467 1.17982202677 -3.15018928744 0.649324080193 -2.11495845465 0.356033446301 1.60019727428 -0.849816970702 -4.53532449956 -0.11272014436 1.27898454917 2.40588014645 4.10089862332 1.74699930022 -1.56435354452 -0.605277206197 1.57542166903 
-2.90386180132 -0.556710862436 0.906484100129 1.8027066788 -0.367542055484 1.06342495452 -0.711305338723 -0.324050362401 1.67623121225 -2.0026346987 -0.144903722078 3.23280800963 2.19943224053 1.33399459542 -2.28648825674 -0.742260340595 -2.79125280436 -1.10341925354 -0.126376874623 0.723659348358 
0.51491942256 0.0112422740795 -1.0598692889 0.0804426582728 0.815361794774 0.284975861104 0.163038166076 0.194917628405 1.73162132481 -1.12861441098 -1.72718996832 0.0960305111264 0.270023377845 0.204197783114 -0.896434318413 -0.791034977131 1.15441564567 -2.2975330465 0.671476362111 -0.0611789369884 
0.366580029357 -0.0941946422393 -2.96724114836 -0.479388491652 0.821803076067 -0.890535157149 0.706461218312 -1.17587135404 1.05591686696 1.57740673279 0.0503494921411 -3.15245962865 -0.0937633471978 0.229602515679 1.76462876484 3.21364478039 1.75336139508 -1.845112268 -0.44349536917 1.87669627563 
-1.49838473572 2.16617313411 0.182205337337 0.139573987884 1.21353668552 1.73603658596 -0.591475187326 0.125972607142 0.474418652617 -2.23743782126 -1.13705688624 3.43496605731 -0.17430319398 0.0277309553132 -1.72388449594 -0.383625180016 -0.36571305153 -0.42880361519 0.0902356328438 -0.74538863058 
0.45673721748 0.984637730153 -1.08404225363 0.881973120731 0.363972142018 0.710961574871 -0.751685872331 -1.18677943071 1.09931347435 -0.239159948333 -1.06832492214 -0.81353972787 -0.547749692662 -0.883636904661 1.49471343994 -1.4329243212 -1.10852835433 -0.689488647411 1.5186669935 0.363882409728 
-0.839566971495 1.62326760433 -2.46031412505 -0.750944412893 0.699574009909 1.35012751572 -2.18402836745 -2.13150317095 0.639688480984 0.00481492758786 -0.0713624211123 -2.8319821369 -2.00747661104 -0.509890680628 2.52882461908 1.36754632607 1.79675573861 1.19892072387 1.18312667175 -0.727151647804 
0.567498286516 -3.66791425477 0.327032728282 0.288804890995 1.80952984093 -0.664067666299 -0.376816079108 -0.345205390194 0.443814847001 -2.63953300239 -0.505448998953 3.33464718962 2.55259045208 0.292029930265 -2.22188364695 1.128871183 -0.928549165846 -0.505105218121 1.37581801123 -1.9914510276 
0.310243229278 -2.60208923826 -0.788199792094 0.101721132437 2.05559089374 -0.320655004451 -0.451629274526 0.315644761881 -0.557462300239 -2.32446749625 -1.40179752888 0.568075451868 -1.50190932514 0.425842173077 0.0662855576593 0.84662880345 0.361734012796 -0.856295143754 1.22049939185 0.779616521495 
-0.224086362316 -1.09640220495 -1.99048809673 -0.340464312487 0.0111502846205 -0.898503210634 -1.08342175724 -1.83319754338 0.952955699443 0.991127874136 -0.456121204714 -2.18560113256 -0.972917842647 1.05303218269 2.88717486666 5.34851301825 3.57817851081 -0.549392764926 0.606562868945 1.16845958709 
-0.0238529806056 -1.08316766119 1.75876879196 1.25741999164 0.650954278874 -0.367991977287 -1.0448151075 2.19626613585 0.38669953892 -1.8084726283 0.0145976002129 1.10864807922 1.04362456988 -0.854413736539 -1.7740303596 0.0645862139024 -3.25818084172 -0.392536835558 0.165041358495 0.0662301457257 
1.38007146375 -1.46379720215 -0.873068949151 0.460228591564 0.588763182474 0.280828991398 -0.303667283221 -0.200847267634 0.427421368103 -1.77688840424 -1.65755950698 -1.98007672362 -1.02629603486 0.0467517495466 -0.294368630181 -0.33897162442 -0.452028483159 0.295360499445 -0.432262542935 0.976048640616 
-0.822132590179 1.48907784518 -0.69796637955 -0.509716110259 -0.153177209853 0.596308892379 0.395216922264 -1.1835208252 0.306774291789 1.94720602431 0.245550801147 -1.80454838299 -1.63343299198 -0.0887177636861 1.72316282856 4.32495982092 5.9129008355 0.445538530101 -0.802225813592 -0.631531891508 
-2.16552099819 1.27607092934 1.3827685978 1.05008674322 1.29937525372 -0.739913752003 -0.760570966365 -0.612882226606 -1.43388824785 -1.72675169414 -1.35204601698 1.31302018063 0.502835027473 0.213818064603 -1.84945312708 -0.88295649596 -2.91836153832 0.0721929856944 -0.578065501445 0.0381634375946 
-1.18292979437 0.527357648593 1.25961281274 1.23871350706 0.365472290257 -0.266340019059 -1.29502175777 -1.94899019395 -0.727740728522 -1.23712722346 -1.01471600186 0.693566786194 -0.682294693931 0.966097235531 0.654823606824 -1.24641649003 -0.785620071094 0.0166265969057 -0.374345654719 0.493670285122 
0.524044811141 -0.176453275252 -0.789850472179 -2.73220861164 0.3743267062 1.28505157182 0.168020911792 -2.36670751089 1.18876342187 1.98139014436 -0.471608071502 -2.34375591862 -0.391415375042 -0.304414315036 0.0182238821711 3.52132399589 4.09443823278 2.22928232337 -0.120712759243 -0.338946671369 
-5.49525343092 2.5648090082 1.54724509442 1.72491248068 0.0338012130177 -1.53270127145 2.89852864783 1.30399039138 0.676279712863 -4.3630052538 0.129551298968 0.453073645267 3.47056601553 -0.0631270939355 -4.27447936321 -0.433697494409 -3.21626116746 -1.191017809 0.350041562068 -1.72107053204 
-0.014438112915 -0.116320451827 0.277212925703 0.528126484758 -0.364055198387 -0.165493725328 1.48185248619 -0.143401807755 -0.609935453073 -2.75889662243 -1.19219844645 2.53861161559 -1.09891706208 0.891128540119 0.367629024196 0.759076692076 0.592882193505 -1.75942580113 0.29842044806 0.12332797286 
6.64114540566 0.137808596885 -2.26134869526 -3.40774646415 0.13810239603 2.73855512059 -0.337981435012 -3.02136520414 -0.686465305572 0.940027102815 -1.41555799489 -2.35224907577 -3.51745021423 1.32836088499 2.99258296801 3.81173680264 6.42710519673 -1.20228473211 0.611604259394 0.200832089784 
1.01770250404 -0.552761986669 0.176726164693 -1.88254677471 -0.577693327454 1.32932316306 -2.4732901907 0.485598621586 -2.36746630547 -1.22411967782 2.12391186442 2.97416245027 -1.42857571921 -0.770578108844 -0.736069246024 0.335884541924 -1.01084283182 -0.427734005949 2.46819901394 -0.0267679618803 
0.584462192072 0.420792047059 -0.664784711771 -1.57372787129 -1.72804308567 -2.43234728572 0.538197192679 1.3328438916 -0.910729872053 -1.08001415192 1.13442096934 1.22320003629 -0.416812988741 0.100465508691 -0.459792426826 -1.63091692226 0.286272209456 -0.0103128632059 -0.842791553632 0.946627473917 
-1.62656408896 -2.60545428254 -0.359569078583 2.50312444136 -0.136867869708 -2.57222076389 2.05316947009 -0.977575621706 -0.0475179697533 0.120206531917 1.61876152886 -2.8223804745 1.90341571526 0.408307309875 2.54863820552 0.194172536846 -1.12402548683 -0.49766742268 -2.1394007971 1.77040390828 
-1.50872712524 -0.00733041874254 -0.0684744007579 -0.252615520414 0.190300107915 0.191153252275 -0.901731392682 -0.772540126272 2.80648471907 -1.0923889002 1.57125899042 -2.84687463441 -0.201133046145 -1.44795544855 1.50578103109 0.95496184509 0.94176275213 -0.584971500236 0.742506337061 0.731824717819 
0.365779742592 1.25756780756 -0.185978311602 0.318738034537 -0.273125204198 0.902265287251 -0.851692608687 -0.378455954167 -0.0023116936823 -0.506736056112 0.237691086369 1.07070303486 0.137369383828 -0.80660265689 -0.39877566459 -1.66709544261 1.72617385375 -0.45212174862 0.208895752298 -1.4961493755 
0.195112684004 0.840514787912 -0.376411551627 0.0549358414196 -0.0208573897834 -1.92724151154 0.437094607483 -0.332997982603 0.380162231536 -0.796045212128 0.906511985148 1.36490404835 0.836747904606 0.378064867084 0.912405572152 0.513648214574 -0.292512478689 1.08321103641 -1.34231986389 -0.929124867172 
0.380884750929 1.78211147068 0.774925691401 0.899593576502 1.02910859719 -0.830410436318 0.127289964376 -1.05780297547 -1.17825214798 1.86809302256 -0.941945012144 -0.748481539937 -2.41736660596 0.560751722622 -1.28795243513 -0.600560723663 0.972739343799 -1.14808465337 0.00584151939199 -1.56413249594 
0.240975232956 -0.212201161444 1.19693578617 0.0976299082437 -0.742759073878 2.47194904176 0.0354448629613 -0.347538104769 -0.348975187045 0.438385683602 0.0650961168889 -0.62914183778 0.774039686376 -0.87173172743 -0.586632232796 -0.448410660022 -0.298153243844 1.20530422293 -1.94596140613 -1.09663447026 
1.02038600351 -0.066826172628 0.942949352269 1.0320310202 0.729306708393 -0.62470394555 1.56162267331 -0.315049806633 -0.602415940225 -0.387485304181 0.113107913766 0.351313628823 0.629484390513 -0.671745683599 1.3464760987 0.861765614631 1.03431169171 0.892937666812 -1.98804420419 -0.354088064971 
0.682214105592 -0.0859974376632 1.31421292563 -0.954614537664 0.37550384682 -0.0381617685044 -0.359192654311 -0.521755066857 -2.9941457664 0.0709939016782 0.126575376703 -1.29914407606 0.292813181954 0.437241720759 -1.91101729526 -0.396533133193 0.823894939377 1.95230799415 0.17039751182 0.681498183172 
1.17507505086 0.34270978782 0.407194000987 0.393203594365 0.557299781273 0.367258388398 -0.329084281718 1.6283604451 0.0470994100599 -0.480141996503 -0.0690988407866 -0.341442650492 0.400807526441 0.665324252472 -1.37613561038 -0.621500998209 -0.940203191814 0.978184724477 1.14138241401 3.90937634684 
-0.118158686348 0.735875313805 -0.262409608797 -1.44083451127 1.13313441911 -0.274875896082 0.0461606982501 1.07804778683 0.869096758415 0.410467275293 0.0594523860715 0.844957437292 1.37726928173 0.208412455904 1.37782077828 0.65905704893 0.225941902319 2.34199678699 -1.17753022556 0.943439748502 
0.272709730861 -2.02388804068 2.02036353042 0.233524638628 0.0669844603098 -0.397500101372 0.0889796220927 -0.896176116668 1.34619407116 1.11787371205 1.26154334731 -2.21796163747 -0.233037582053 -0.420815425138 -0.552765553418 -1.33115620645 1.74697876032 0.478182589613 0.510044293839 0.828391909067 
0.259619814978 -0.538881655082 -0.564973438953 -1.36021430064 2.41693773156 -0.584844066427 0.317040086182 -0.856972431495 0.88065644478 0.809068374297 0.289265121114 -0.162837964847 -1.1563425138 0.0147240571204 -0.908949353544 -1.5324668221 0.799101032938 -0.590496712264 0.0207971514354 0.936049734098 
-2.62949167666 -0.534550531825 1.22669206178 1.17572794641 0.229405668158 -1.46375413597 1.28738004148 -0.405009959073 0.719981288622 -0.0215682167235 1.45631140206 1.60740103392 1.05428535832 -1.3627701869 2.0250366042 -0.0134024943246 -0.718528727927 0.768553856586 -2.48440063796 -0.219531243049 
1.92935407928 -0.183248096151 0.580092066749 -1.70912343033 0.0373791095465 -0.581101155532 -1.5928894792 -0.20218305015 0.519756218278 0.522455889947 -0.17910844734 -0.521922586311 -1.93401816427 1.27047103885 -0.783462513823 -0.320586964964 -0.489845006043 0.0547381157049 0.894219389568 -0.827565560589 
1.23714207086 -0.396609790538 -0.179864154445 -1.03980236149 -0.266644009211 -0.864634245972 1.77103489596 0.613267897224 0.172127487249 0.591013536731 1.46573226623 -0.926625556296 0.131343638013 0.834762746127 -0.296143363883 -0.171158372153 -0.188587835043 -1.42312456792 -1.41558295047 -0.463464244561 
-1.47809087877 -0.00676379573625 0.0538862649757 0.653270598651 -2.52049483936 0.670877947506 2.16807864378 0.144310731201 -0.484006996265 0.435848426029 0.543029387171 0.364241360238 0.625399117122 -1.06071944517 -0.551391025989 -0.934180228849 1.10616073844 -0.471220433147 -1.63562914015 -1.72736095107 
0.99256256542 1.76158760569 -0.523251510635 -0.469679823282 0.120304541959 0.712526667044 -0.0011565159414 -1.08341992025 -1.62914552349 0.284648031996 -0.187124941294 0.415139659646 -2.33291225854 -0.711254947739 1.1702147488 -0.371361644782 0.627653071099 -1.36576287158 2.10658361685 -0.881607764503 
-0.897283319762 -1.27775200373 0.811481296355 -0.566469643106 -0.0433847969874 -1.39302543271 -0.0893817457599 0.800357229976 0.694752377209 -0.708683873869 -0.443540679231 0.444318581181 2.40231604509 0.046054840247 -1.01904120084 -0.0469759125792 0.289215505347 -0.924074459241 0.826483767366 0.29569274245 
-1.58986408072 -0.816805150188 -1.08449201227 0.294339239162 -0.732670496644 2.25306756559 -0.0601788166895 -0.0579848110134 2.10263263972 1.03056256586 -0.124032332812 -0.214396579617 1.18222309404 -1.5475358371 -0.550416971251 -0.827203389055 0.0789169732601 0.12954563197 -0.429140023043 -0.636585912184 
-2.88653329163 2.35004823347 -0.0749570700692 2.84686855714 -1.20741370261 -0.924034595749 3.4413608888 1.02251000699 -1.76578098626 -1.47528098358 1.73156883819 -2.30887975581 2.36564166475 1.02197974639 -1.0542311404 0.048580263426 -2.10134192027 -0.249956638314 0.77663675751 3.17131482132 
-0.423245839297 0.493495155737 -1.59201524783 0.27551182144 -0.225090053232 -0.185985113717 1.02776935988 -0.33500493879 -2.4132388396 -1.52036517204 2.00898181007 2.61138422113 -1.09157801447 0.556227212826 0.34876757882 -0.533675999296 -0.401067367628 0.208567184669 0.194177226927 -0.019523679339 
5.28531182937 0.121618580637 -1.68025216875 -3.39817163055 -0.127888123071 3.91352381592 -0.300744442138 -0.69614855313 -1.3918807788 0.459692249315 2.12245048435 0.408948303054 -1.49451131629 1.50405975375 1.63786721195 0.844403783677 2.70189290327 0.918174518404 -2.48684145495 -0.448949699058 
2.01898337247 -1.20818594389 -0.921087636139 -2.70583393847 -0.727982368298 1.46016913613 -2.44505051458 -0.914482051107 -0.571838190539 1.65805003674 -0.86447753895 3.06875467386 -1.08441249634 -0.40850459813 -2.46291192438 -0.449270328617 0.0344352684581 0.463945070674 0.115320514055 -0.707853128332 
0.457211608475 -0.644425131905 -0.507733096424 -1.47676835585 -0.559405955668 0.13667067979 0.283380654522 -0.116643761029 -0.707783406152 0.179850281698 -0.17986269622 -1.65791418077 1.79665226889 -0.491899142299 -0.714975522151 -0.971861178301 -1.47775094096 -0.0279973900525 1.3999401986 2.36258485368 
0.446700189356 -2.9993136926 0.933746142005 3.32423795645 0.00953404645898 -2.81193015158 1.16291796091 -0.715356996174 0.167214703518 -0.0219525277929 -0.287058265235 -2.85160476187 2.86511079858 1.45036187043 1.8975600117 -0.744609097814 0.0448157647304 0.0405157691006 0.00212112045241 0.632455747389 
-0.592965603512 -0.62176913405 -1.06830129431 0.605248733707 -0.572638884387 0.679767927527 -0.204240171541 0.323338356358 2.64985909493 -0.13306909421 -0.715795135809 -1.01960152797 -0.162111708167 0.567489464808 1.60788675559 0.0354989181661 0.741363207576 -1.74694208778 -1.29220234164 0.303961963025 
-1.8738131833 1.70765076647 -0.167108170922 0.48596421464 0.137343396805 1.58370309253 -1.17687729761 -0.524479740073 1.77158995309 0.49525958624 -1.18246954056 -1.35406314176 0.636735469286 0.541477981368 -0.142309854285 -1.06780758492 0.293948351092 -1.49775999918 0.0497747229408 -0.791695646442 
-1.07066545817 1.86954735084 -0.712409822079 -0.220461275798 0.528248030844 0.44028037669 -1.55065594508 0.672574292109 0.0303074992125 0.584555763701 0.503118096963 1.74038108078 -0.181496554987 0.148900748353 -0.491022015173 -0.439297391205 1.65902038619 0.241085526399 -0.462619928807 -1.18005883528 
-0.275420176352 2.31216803071 -0.282305080359 -0.309591737416 -0.0924888237433 -0.180293521817 -0.711777960688 -0.3099320191 0.274519130781 -0.279458388964 0.105143733872 1.47349869308 -1.55489440268 0.41501349003 1.2300804992 -0.0522999039867 -1.58326704222 -0.700025421953 -1.77990069599 -0.977529091961 
-1.18916678432 0.686469992405 0.49392749109 2.17150499499 -0.62454695903 1.03814936628 -1.73570606253 0.743414866605 1.68929067879 -0.458682492833 -1.13550454974 -1.54872850249 1.58302940402 -0.557034425319 -0.190772168921 -0.410162521683 -1.52407076739 1.04391501743 0.129826864969 0.231854745039 
0.0760341053957 0.39033498686 1.35776814797 0.0445695394395 -0.161516022256 -0.737857897745 -1.29631176956 -2.68906856836 -0.413107674033 0.0521487800046 0.0635659321067 -1.16665549943 -1.03942068933 0.724535560609 0.607424972008 0.35102779244 -0.866011868053 -0.00968710365104 -0.757935055305 1.50297705436 
-0.593318116974 0.594350205617 -1.17021284289 1.07315022524 -1.00218810645 0.719421291629 -0.772777957823 -1.57087503774 -0.897217295899 -1.97799403478 0.852423955613 1.21009751044 -0.247412913325 0.202741682484 0.0415520567677 -0.102969176126 -0.322592065605 -0.506310084328 0.837518909137 -0.673571297047 
-1.37139962101 1.18336173153 -0.849714354684 -0.774197820937 -0.508951345264 -1.11134963316 0.311398222969 -0.360583079659 1.55556075434 -0.270609107011 -0.534217065902 0.0690499794493 -0.894813729004 0.603481242532 -1.18374019334 0.042377599114 -0.710401416623 -0.969734879547 1.50647229894 0.492924569128 
-0.0215787825349 0.0486784734063 -0.353688349843 -0.349418684169 0.253144437331 -0.90988553918 -0.843016394818 -1.86576797262 0.816733107162 0.510834941321 -1.32201699049 1.32811530933 -0.776406598115 1.22495228133 0.757455216737 -0.146384815913 0.752347538871 -0.74588562699 0.343470197946 -1.41264707003 
-0.412673377778 -2.06816999873 -0.106019961892 -0.0926277678146 0.420113646443 0.0542727787879 -0.856862244707 -0.378529839507 -0.774428066896 0.0769595030809 -0.13706160054 -0.521098729783 -1.04906149995 -0.693204247112 0.626133527825 -2.25519459635 -1.44942594662 0.207538804094 -2.04161018015 -0.329988710888 
0.783351557806 0.921377132313 0.027944718765 -0.698974496689 0.590732011824 -1.12592728262 -0.44817413275 0.369852740403 -0.493260683381 -0.97352196899 -0.629527460751 -0.492556824932 -0.394318349049 0.13478515319 -0.817451458578 -0.45184706988 0.525279639964 -1.4873916364 0.0963424941026 1.23310206853 
-0.619135177462 1.35656181509 1.04183230396 0.0469343427496 0.203220433026 0.487300117928 0.546260424312 0.321670201834 0.42385926382 -0.202702399441 0.740002481429 0.905664441679 0.278155256272 0.166650034389 0.508334574844 -0.826252096991 0.40731384714 1.31139877861 0.7337074511 -0.408961358869 
0.232244315842 -0.353164387256 -0.132590382724 -0.696376936974 0.559119146635 -1.20957157898 -0.627711505391 1.19695981312 1.85539883969 -1.1076205915 1.30218169044 0.468794066322 1.33160772054 0.184612600237 1.09482966028 -0.590655176771 -1.80004688021 1.21109576272 0.131284461572 0.598380143926 
-0.247672154291 -0.655927348893 0.723736567281 0.0753660831892 0.977027103363 0.0676632807647 -0.761358546137 -0.242716806004 -0.235589329227 0.304272052896 0.996224451897 -1.59053218337 -0.0026397262846 0.321362834954 0.41930305996 0.865086710016 0.775171597269 -0.684802917564 1.25809842316 2.51792754312 
0.248550371977 0.18438360461 1.09104452568 -1.32059271954 1.3316954143 1.26084545006 0.532969871027 0.443688190284 -1.39037951309 0.493434804314 0.474001921206 0.940701961586 -1.40672801063 -0.26450680261 0.621465889878 -0.241539319975 1.05354245902 1.75784629288 -0.470860084679 0.822956156501 
-0.207825633039 -1.44174526359 0.880409863784 2.38604235977 1.19255873005 0.246651437091 1.02293594482 0.371293104779 -1.08919054893 1.18374435199 1.25075034204 3.13829805661 0.0667987506629 0.279364590289 1.50828299933 -1.81267218433 1.04137601892 -1.16523725416 -1.81082871785 -0.294712655684 
-0.959987693995 0.172331295101 -0.0886546999594 0.393436471741 2.19175895281 -1.65273739147 0.917259292068 -0.069173512025 0.89288005052 0.181914925723 0.0921379765861 0.28259137243 -0.880420126407 -0.843970660807 -1.67056072865 0.285141292308 0.856095486667 0.420030881142 -0.479687963106 0.115077572717 
-0.0814061328618 -0.957467525713 -1.05381929913 -0.393167275269 2.20499459829 1.90331223839 0.9226616378 0.509854001065 1.71752485232 -0.0781970941865 1.11842037133 -1.8738856662 0.2350621503 -0.889519435893 0.604028374215 0.826972595485 1.69615678659 0.811390162826 -0.496428193584 -0.613011535461 
-1.51286874513 1.54800574814 0.251838120513 1.49514748181 -1.21968407009 -2.22060443275 1.43848743217 0.746502992357 0.24702478473 2.33834903655 2.67846521692 -2.99108668782 0.448990150774 0.853913375136 0.0687885469946 1.68402628665 -2.62474398508 -0.101075651733 0.398107915147 2.03846202885 
1.1228569854 0.470991988825 1.16596603458 -0.254882158869 -1.55395145797 -1.08600707058 0.602679165616 -1.67808861122 -1.8501623694 0.705569402824 1.79160882516 -0.451976353581 -0.723876739075 0.842366171623 0.904543717624 0.658597438308 -0.897286924613 0.294710025417 0.223579638481 -1.18576357812 
4.75606556416 2.0503748702 0.234060190247 -1.12085501575 -1.83127144552 4.12196032737 -2.23024350228 -0.534348623134 0.776457038541 1.26659424865 2.4825489258 -0.0461814412568 -1.33208563553 0.0221598204876 2.0198160238 -0.649622725853 0.708676439709 0.0888620700308 0.119465408892 -2.84429649837 
1.66500102641 -1.3418750299 -1.02133882931 -1.98498622779 -0.165964160248 0.4375048497 -0.611611130049 1.95952179908 0.417536652985 -0.768832307565 -1.20156927576 0.743632290399 -3.23938202753 -0.0283051257162 -0.251695159554 0.369274973679 2.07391880408 -0.916290184923 -0.642860420643 -2.68218082949 
-1.96460358423 0.249954069139 0.705848628936 -0.440175143984 -1.68067139638 -0.958225994077 1.39250503082 -0.91448779739 2.23404941675 -0.113370403886 0.0825677742564 -0.388925921876 0.172892184974 0.400383368639 -0.249246735432 0.466867842301 -0.384768572882 0.459368613376 -0.398610141542 1.48468217177 
-0.855725539111 -1.54902957267 1.66613524114 3.12105033307 0.357794943064 -4.02330893981 2.49726291853 -0.87495925541 -1.02673662514 -1.18372075257 -1.09516808313 -1.89543566662 3.07846752821 0.10012454958 0.774767448424 0.826367716081 0.62444182817 0.22859960632 0.179936194798 2.04456141122 
0.425602418245 -1.27841869881 -1.30859215159 0.287007627637 1.44348104702 -0.988192126621 -0.0105272128247 1.96715188583 0.106180598183 -0.0511623686122 -1.04812054156 -1.76570630504 1.27770197439 -0.265361986884 -0.0268740760699 -1.47971686943 -1.66059893303 -0.13139504195 -0.784827009616 -0.293748725414 
-0.518052775015 0.596521370827 1.40899429824 -0.158899602464 -1.03549851536 1.25563108448 -0.263724854275 0.524469066575 -1.01628981562 0.395748847854 -1.20162359261 -1.43685989604 -1.45344675536 -0.40342517977 1.10213833296 -0.388388370929 -0.728651776361 1.04930883195 -0.172104506758 1.75589849326 
0.631116485409 0.0411973696346 0.991331676873 1.03150394255 -0.738645372173 -2.27412944391 -0.101053856526 1.65396640616 -1.14279353062 -0.474764693843 -0.481653845836 2.68390450851 -2.37373055934 0.794373597793 -1.38709209671 0.549377964312 -0.691013371258 0.750367757977 -0.608986412127 -0.25604597331 
0.0949670383087 1.48388870138 -0.729394685073 -1.79705076389 0.870327334009 -0.504930288751 -0.300872527111 -0.0765157069748 0.0125585152818 -1.0797672512 1.0951176127 0.473625876653 0.739048947126 0.103695982538 0.415843518923 -0.229732100252 0.317191090083 -0.430354506077 0.679655074159 0.930509444247 
-0.715708958125 0.919112850643 0.44365096732 -1.43599161677 -0.826527166922 1.22499049608 0.111433854493 -0.350211424348 0.259944664333 -1.49977182607 1.03411682222 -0.275412338729 1.76644313821 -0.391429240342 -0.203133795122 -0.504236799079 -0.62156759959 0.757533519967 -0.496514557808 1.76338784291 
0.773262122086 0.487800384852 0.465731084268 -0.189810996333 -0.929681946685 1.51898554436 -1.2460473223 -0.0451180062634 -1.10473629701 -0.527629081092 1.20886613683 -0.107372096658 -0.88097133544 0.562012686803 -0.534044711469 -0.466723486924 0.500726373895 -0.583163479743 0.798544968737 -0.261727983931 
-0.098410979386 0.101749079847 -1.07991878103 0.496803940467 -0.039072178269 1.70224530199 1.25953849457 0.021219989586 -0.970566538195 1.08616664643 1.03156609622 0.188060260804 0.152247931745 -0.192909000512 0.439933459129 0.123419609702 -0.1062322705 -1.09831350703 1.86645010706 -0.579078502859 
-0.304212765108 0.0148009908559 0.635969317682 1.0714849442 0.0146388566389 -0.444242569226 0.187465002342 0.0915126549671 1.30768051399 0.932795666823 1.87742830229 -0.836448783732 1.06747341531 -0.522976419702 0.00577176653581 -0.306702423219 0.278245089852 0.3237427295 -0.177913452073 1.11736354208 
0.882716144949 -0.643523252948 0.0279000693586 0.482341057993 1.33873793424 -2.39961430962 -0.0585105576561 -2.36884267082 -0.0329332921879 1.11848742117 0.338474017648 0.399166382252 -0.131384106379 0.344069274554 0.481870696142 2.2992779806 -1.30035841569 -1.67555643705 0.632295985879 0.152250165761 
0.575644075334 -0.564115774028 -1.4699616139 -0.800786138417 0.704974690473 0.970814320297 -0.221673362214 0.618757241246 -1.74515811458 0.795169197847 1.14848149395 0.132530454118 -0.475630201548 0.111341391812 0.061302645485 -0.364029860404 -0.526352259549 -0.774219774982 0.573596011479 -0.0788797172891 
0.963784484212 0.728267169045 -0.416157184847 0.375461786014 0.523051110351 -0.270285072223 -0.294371177638 -1.53012350729 -0.0047813054679 0.413335900237 0.604192375955 -0.370809270268 -0.230503609196 -0.102554522047 0.491383180681 0.246131994662 -1.02799085593 -0.846975721828 0.454083794341 1.10895951311 
-0.704690123785 -0.309145063401 -0.317969944753 -0.845092484527 -0.00904094428773 1.60026517264 0.868973161799 -2.63465912001 -0.578822170644 0.905993232432 1.71903698362 0.0272063915837 -0.327361311718 1.4339012567 1.16726172636 1.07869625854 -0.442941407347 1.42511123737 -0.282823635252 -0.452265096667 
-0.017434492699 1.12355593332 -2.26209044907 -0.191951164416 0.121114219365 -0.420556841213 -0.477931730019 -0.601896609496 -0.001250865079 -0.723309186306 0.482396992861 0.265489688089 1.49963064649 0.782285195838 -0.223310543472 -0.832346182807 0.650642964712 0.0729508273113 0.917935524511 -0.1586494164 
0.690087652939 -0.277340049049 -1.4877698223 1.8474260244 -0.907714266977 0.512027665297 -1.27067863345 -1.38659302549 -0.761576082094 -0.853804329556 0.413537158695 -1.33838258905 -0.055550760106 0.599309126852 -0.51041007775 -2.28733044949 0.139647855841 -0.269066411198 -0.345570677382 0.779715636233 
-1.80761427829 -0.355650460503 1.13302216083 -0.59123535134 1.48065440917 0.936753775031 -0.491837223517 -1.42337850361 -1.27979172916 -1.58766487415 0.108575069869 1.5550945829 0.699330816691 1.38480562206 -0.982170623468 -0.426441811859 0.630995225885 0.0939037287833 -1.33344452741 -1.71740667549 
0.992929995368 -0.994927041192 -1.80273366316 0.904520916907 0.42802634958 0.526216692783 -0.131569462289 -0.185695957981 -0.310403672218 0.613161364934 -1.88481485414 -0.25270759612 0.696207525174 -0.515851981306 -0.725878449721 0.56173850516 0.890632312841 0.501407165826 -0.121114779733 -2.41624082855 
-1.22702540802 -0.968418427549 -0.564055340093 -0.390509232947 1.1042103822 0.1347900838 0.0469815899217 -0.805588960453 0.389316410362 -0.0339760473448 -0.885611747016 -1.00774732527 -1.86655290946 -0.561833123566 -0.502412196949 0.549061124186 0.772084444317 0.386298799828 0.665785909011 0.979770847401 
-2.2834226918 -2.21726540475 1.96310115656 -1.31403822891 -0.255728513506 1.71127160216 0.0959669462402 0.146344355171 2.07521122265 -0.297777251535 -0.848756089647 -0.0107277260649 0.0742877849001 -1.88099837281 0.415513413984 -1.10582687536 -0.00456999312692 0.257050638325 0.998459960506 0.952270249881 
-2.34384721286 0.684374578645 0.496147384038 1.99249979836 0.184826660945 -0.873954515292 2.72143860203 1.15025546381 -1.06194700016 1.12112138234 0.537655920174 -0.797176241927 1.36964878879 -0.319197097958 -0.788073971461 -0.396538217213 -2.17076038197 -1.07550583875 -0.989893546903 0.562721955683 
0.752851666182 1.44414257368 0.0804678217467 0.486028690281 -0.500380920952 -2.07982166415 -0.406400226937 0.00613782268968 0.243570098168 1.18335725581 1.0159939269 1.92064691728 -1.21122683953 1.18966226834 -0.985436498873 -1.45334093013 0.848038519532 -0.935293397594 -0.258427091256 0.275470345363 
4.10335244213 0.148696665567 1.52350036939 -2.06496047995 -0.646915422091 2.81271056068 -2.3209459645 0.901160009981 0.872724727264 -0.921236948893 0.748568034317 0.799777486397 -1.54339766716 -1.57456471086 1.00988953213 -1.66621059175 0.908259535183 0.636153964405 1.54650390141 -0.807499254366 
0.4924818534 -1.3330807943 0.994596621462 -3.42699355239 -0.882215984622 2.06899177689 -1.22992061485 -0.701803302818 0.348178983661 0.395599376389 0.927654357435 1.77975260013 -2.90626317445 -0.806979878829 1.34535446055 0.893584593727 0.681540692971 -0.437040470931 0.545811467381 0.390725593941 
-1.07786147273 1.02029806023 1.17972062467 -0.654271291395 -0.968910256618 0.163664862501 1.44944458503 -0.803223853362 1.44970932088 2.07714135422 0.706331852108 0.293883663044 0.0283314050265 -0.810042998351 -1.17118761399 1.13189705137 -0.281420545625 0.406316090223 -1.35408494385 0.58639134522 
-2.69069976174 0.0487079709594 3.16067291528 3.87395395186 -0.291612725584 -1.42357720383 1.83886129212 -0.981655059301 -0.47870357295 1.79197576528 -0.92217918568 -1.81665747661 2.19704439495 -0.515329501903 0.418104289506 0.0337817476142 0.00193636359276 0.321337714218 -1.6830143723 0.943476318739 
1.03948630517 -0.925900891262 -0.275502839835 -0.90526694793 0.286306503825 -0.556429115239 -0.087671323413 0.428956715439 -1.28630447193 -0.76478711959 0.282612441862 -2.09493376034 1.77474987793 -0.566324408002 1.16077867138 -0.0633884823887 -0.92521232464 0.203024408201 1.83288100886 0.167890950322 
-0.0339086065221 1.19481951243 0.341000009135 -0.505754640505 -1.87230118309 0.759912252408 -0.635123477854 -0.470915018969 -0.72696484538 0.392311060299 0.311880137081 0.431841248446 2.20965695165 -0.950052884246 0.154046323975 0.346361289309 -0.856388607145 -0.412528700816 -1.41732803874 -0.664754596287 
2.07338601276 0.67485866892 -0.748453219363 0.322864306312 -1.28168611209 -0.323200295701 -1.80113599148 -0.324410845929 -0.729693573366 -0.713946823575 1.27695831887 1.63139248572 -0.00536560420138 1.2649226199 0.490588659459 0.214393543045 -0.688317769998 0.384085218673 -0.717960906854 -0.621714183455 
0.255383324247 1.07491067421 1.70130109302 0.224867956657 0.630634037314 -0.306097053806 0.05496588814 0.419773293264 -0.745650428948 -0.733896315458 -1.09778293578 -0.644326529796 -1.34905687813 -0.151821247642 -0.0253555325922 -0.289155451799 0.243364815756 -0.299372021983 0.575784635024 0.851490238844 
0.278658331729 -0.538854693441 0.107073264292 0.810356335975 0.217774575916 -0.54974148947 0.241322777036 -0.886643066893 0.264442320975 -0.305308356426 0.384246441414 1.5610978302 -0.408476853442 -0.798700771111 0.823624464201 -0.16465211584 -0.869216438177 -0.126337824416 -1.16154394951 -0.105048711075 
-0.796603722972 1.87859882633 0.436003675922 0.827745425338 0.933336644046 -1.04937910653 -0.637683407492 0.187516758102 1.42761675196 -1.42932916422 -0.568862887966 -1.19440588496 -1.59873249407 -0.11279550469 1.78018481926 0.665736805293 -1.30776556795 0.608467237316 0.357681441917 0.957374081459 
-0.729747252202 -0.665156496232 0.509025322581 -0.0449120480891 1.36333283709 -0.249993177709 -0.4086905806 0.577955049898 1.81162954879 -0.367373615366 0.339340867832 -0.630751855013 0.255536079443 -0.904509637589 -0.187097251094 0.766723970779 0.440542853241 -0.502667008005 -0.349542055468 -1.13169339263 
1.5300981741 -0.994908714286 1.27462559433 0.630708505837 1.8296145219 -1.23260168913 0.308650803844 1.07220713227 1.65833082046 -0.94300181144 -0.49928531402 1.83954719185 -0.509728592279 0.544450619853 -0.610909843216 -0.591179213262 -1.07588696606 -0.779137124991 -2.32881215266 -0.610986892378 
1.23311842537 0.238552531988 1.0862447142 1.17230488 2.48994854015 -1.12198375087 0.257096387821 -0.996530797984 1.03090520128 -0.0511029303788 0.711253856306 -0.210714651619 -0.489035480748 -0.413599568073 -1.06227597434 -2.87940352848 -1.84356010817 -0.296089739484 -0.317310653956 1.23222493868 
-1.7499337872 -1.18002155455 2.40862910375 -1.41013360789 -2.39931490411 -0.535920043927 -0.382212009478 2.20276198737 0.166839401274 0.805849550511 -0.821032915148 0.00528881255682 1.13177816448 0.831031468562 1.23693229867 0.717085072823 0.942094116727 0.46076503778 -1.02793523955 0.54109874735 
1.21612517248 -0.860993631089 0.583648671173 -1.07517621683 -1.03830463682 0.0842955207816 -0.496884200146 0.243104428056 -0.285907721552 1.40724288494 -0.389901023849 2.13155197823 -1.6972794013 0.832544927854 0.262609336298 -0.152290830097 0.391715509901 -0.332087376088 -0.378552385598 0.868672147184 
-1.26378542919 1.3196012634 1.80887933572 -1.26423652492 0.0802632556491 1.80833191767 -0.847810912124 0.364274326704 0.642047904599 0.149406473718 -0.540853937374 0.69991887708 -0.889249994604 0.143258285693 -0.887466393763 -0.947010118311 -0.920059205838 0.542895689292 -2.06729530103 0.385460198043 
0.800616499473 0.193482273359 0.607179435406 -0.206893136942 1.28796179963 -1.69015219394 -0.215522817976 1.18500396509 1.27099159416 0.502610523684 -1.22561917541 1.93565695252 0.134979851375 -0.312109349218 0.0863482025371 0.503055476573 0.835994010705 0.279721089417 1.56109302339 -0.142510004009 
0.27418194514 0.0346800968128 2.25288479537 -0.0214001400575 0.813700062456 -1.70091373305 -0.752644649742 -1.14010649523 0.0415589024459 0.0647111626493 -1.20050597468 0.582477311886 -1.15906856996 0.313938163695 0.24008960133 -0.909346286065 0.887021638538 0.616035336063 0.159128015559 0.0768331893267 
-0.888325795853 -0.353468699164 0.840028595721 0.64819797389 1.03178978836 -1.06903063421 1.12962234872 0.955798055192 -0.269595172379 0.297831526293 -2.23732905795 -1.14704851639 0.446234923964 -0.871930425419 0.458675437507 -0.231878634 -0.781458658297 -1.06402093252 -1.23821657181 0.0196372702488 
1.07677604696 -0.304501266431 1.19622224022 0.127882289935 0.692890116761 -0.616058805895 -0.714401897186 0.830484570451 -0.917379753758 -0.185233597897 -0.723902607032 -0.745041425064 -0.0150953373882 -0.375990761409 -1.3871702005 -0.131952167478 1.12252193288 0.582314057471 -0.450929149192 -1.80763031848 
0.345533493499 -1.35064001245 2.40315514969 1.0720444448 -0.345182614777 -0.367110501055 0.646998595303 -1.25553496083 -1.30398218099 -0.523116803333 0.716920364425 1.0846150366 -0.841783580095 0.185661637814 -0.198713057163 -0.890350259043 -0.655868487443 -0.792239128766 -0.576571745843 0.0526901571144 
-1.59611672845 -0.57755431238 1.76855710601 -2.13805508778 1.76047568585 -0.814728483447 1.45747258093 -0.467490334547 0.557366039173 -0.0723363577693 0.714728375844 -0.760277560747 -1.08632815763 0.565013934867 1.516171655 1.62702893189 0.380435326402 -0.769381939908 2.00589671797 1.85692870446 
-2.83521289847 2.63545532682 1.52738727155 1.72503311327 -1.57686973012 -0.453038681402 1.87064064034 -0.869355050883 -1.32133308017 0.687527293055 -0.505842598263 -1.5173020547 0.840627017629 0.191700867848 -1.32854104637 0.594427489502 -1.3316211838 -0.581229018428 -1.24518745156 2.457946297 
-0.267629804708 1.50511181896 1.77821954567 0.0155130139926 -0.930241667912 0.185915196217 -0.519276445906 0.244437383842 -1.8146514944 1.19738528136 0.136924235627 1.7954127059 -0.140048496853 0.229163339999 -0.995594939288 -0.423838033994 2.0592206875 0.0451693499468 -0.810231345721 -0.676742405979 
3.32119159853 1.67819735949 1.78351249316 -3.02140318479 -0.917427501585 4.69833823181 -1.26957006177 0.802581392762 -0.10903289319 0.0927266619522 -0.609774173135 1.37704502869 -0.991601573864 -0.161382521149 1.50745624448 -0.1954793902 1.16482158267 -1.11243762758 -1.02647903903 -3.20100921145 
1.81770190918 0.564994140477 1.04539873484 -1.62668762157 0.975245541654 -0.252182304888 -0.720368152279 -0.25763656049 0.14653078009 2.37638900714 -0.0687049366139 3.44086369068 -3.31762879029 0.000574864126038 -2.36392433604 0.238034413542 0.1273668908 -1.92110780569 -0.704441911786 -2.10313731126 
-1.00957061001 -1.10408135451 2.20627843053 -0.373254089246 -0.924021811667 0.258558352889 2.83072172742 -0.562685134477 1.66143364147 1.74617677355 -0.925418565233 -1.05528287911 -0.134051806978 -0.423726020798 -0.477252477951 1.23299428065 -0.115183839822 0.125707226758 -1.15395492609 -0.668539221518 
-2.57178729867 -2.78369326181 0.999647051926 3.26088804564 -1.93322123548 -2.44498894702 0.887004768158 -0.267910961321 1.09921575772 1.65926722434 0.277108410576 -3.08622950941 4.01362371105 0.868324473584 -0.531984422065 -1.77779466226 -0.0274154757221 -0.887161957691 -0.0206949191993 -0.974855892443 
-0.248600338835 -0.828047410939 1.64878699218 0.375938451499 -0.60924417216 -0.129570116437 0.498649262021 -0.83452932704 -1.04134633688 -0.289607729591 1.03985674731 -0.259753520564 -0.0463905074856 0.236236025227 1.05623884638 -0.24308256965 -0.74030496392 -0.456828676378 1.63764125886 1.5178293684 
-0.0259580624208 1.57207902372 1.05507856346 -1.43213935456 0.0630425507773 1.21533837471 -1.1220936664 0.0341768978664 -2.04877390487 0.526503049385 -0.577840714564 -0.0863192957541 -0.211930281179 0.860136729363 -0.508675210684 1.01533653534 -0.317083421857 1.11855639098 -0.757612205856 0.967096677575 
0.0153498782984 0.205982958859 0.0514650351728 0.0526782908358 -1.10401223878 0.089701131498 -1.50291690415 -0.980151028598 -0.348781242796 -0.624703803895 -0.204660254846 -0.257173372742 0.441590416544 1.21942145874 -1.38384560469 0.0314540772087 0.340271430266 -0.43870711211 0.955148746583 -0.904640561784 
0.912390991967 0.654972083194 1.55397534349 -1.57982115611 1.14871113181 1.29708790175 -0.442811141517 -0.685009530484 0.198113441317 1.11712491486 -1.25247120647 0.203933311244 -1.37875292125 0.899970347802 0.475511948174 0.0452275682226 0.267002033068 0.1580969981 -0.673833899334 1.30282232815 
1.21308524047 0.57134516156 0.925725244988 0.250831035509 1.12218059263 0.191685940471 -0.605682455609 1.20095212606 1.68279416822 -0.0291941817737 -1.60736175548 1.76623407801 2.10603698245 0.804923473138 -2.14566810532 0.359639103719 -0.0656157141269 -0.785066334237 -0.452036730945 -1.34726398324 
-0.280808819086 1.57033980039 1.43306976773 1.38907130649 1.08884214529 -1.89106449327 0.104935040272 -1.05291836825 0.516658005218 0.0555294421007 -0.477563426305 0.457444855248 1.13957498814 0.285116350831 0.242523949155 1.65006930308 -1.0291002868 -0.0266217320359 0.0291590838721 -0.12950832801 
-0.837448815638 -0.36618616475 2.52863986985 0.0916544935154 0.805868220007 -0.00282323761664 -0.669102434132 -1.02990953908 -0.792173194946 0.198032137419 -0.829271350871 -1.60038495622 -0.127216222147 -0.609095409083 1.73556672162 -0.461219303071 0.683787842637 -0.408610341563 -0.625235312188 -0.796463796182 
1.10736693472 0.0199743726903 0.512682975181 0.560808884915 0.791571937703 0.111199641945 -1.93653480525 -0.336215398738 0.851390703606 -0.454649953052 0.226184602294 0.728950940679 0.134992345784 0.729270344363 -0.623245752068 1.9756297865 -0.978434718456 0.717164580707 -0.734585392212 -0.0923111906973 
-0.894839720837 -0.0641800822646 -0.910825489179 -0.0514767866957 0.133440008967 0.473437498722 -2.67295990573 -1.55883500342 0.291191455939 0.0646405047463 0.166230246253 -0.29900410849 0.530307745126 0.342923475705 1.29615404612 0.854537099762 0.158421346763 -0.311241265901 1.53740428127 0.691895982799 
0.426950247311 -0.363068837932 -0.0476503592535 -0.0780630918652 -0.501148035622 -1.0811722979 -1.02142199685 1.0956830196 -0.266235869427 0.0331531578273 -1.62756329486 -0.390475162955 1.72078818494 -0.0265899478979 0.407562657723 -0.574189574156 -0.988989684286 0.672057775483 -0.32189126156 0.225976672194 
0.504397828766 0.503434264168 -0.446351450922 -0.445621619539 0.570903936083 -1.41416857329 -1.43896730193 0.0520309259214 1.09815359936 -0.737472992917 -0.234534329407 0.13620923386 -1.57242506763 -0.0450860678486 -1.40052121879 0.231010960361 -0.559899516634 1.10184159391 0.0394796101133 0.677692608962 
-1.1379583315 1.59065369249 1.8273228684 0.938024096212 -0.564012059391 -1.20512834486 0.645906274649 1.22634111301 1.06842818671 -1.18244436544 -1.23786034174 -0.199722878928 -0.231336776351 0.110593131194 -0.807951993416 -0.492261434667 -0.350096495265 0.719610871393 0.662091477594 1.50608269257 
-0.789043722661 -2.16017158782 -1.17964735418 -0.651968957 0.767406946056 0.774886345082 -0.111133246103 -1.98793518347 -0.609526730227 -0.249861771278 0.405514332975 -1.39470530213 -0.256079303917 0.413903899619 0.443540873226 0.729099412959 -1.20700229347 -1.33384028993 0.794431929078 0.482669232339 
0.185740225586 -0.538069383126 -0.396401903794 0.164786051152 0.4663117452 1.09388089121 -0.651976241887 -1.11096019039 -0.846032079705 -0.13407194439 -0.483116457735 -0.64496800598 -2.58965942392 0.396368171936 0.909309575507 0.964824684899 -1.6381471074 -0.557302774841 0.265313920194 -1.52766630403 
-0.201709818131 -1.84067755268 0.422317105708 -0.750701335845 -1.03607447468 -0.322850412349 1.25874104343 -0.0448171649578 -0.144494655044 0.615397483838 -0.202450436481 0.887750063786 -0.277724735473 -1.70009470531 -2.07289491308 -1.3355917943 -0.942436260895 -2.1688724546 -1.64016536801 -1.49189853501 
0.136718521542 -0.390035058798 0.535689626641 0.718370534702 0.479548087517 -0.175199409487 0.248749705692 -1.85584960616 0.368636353482 -1.46597341456 -0.0314983853609 1.40519619662 1.14716491676 0.106976432071 -1.17402418462 -0.703586225134 -0.260572660759 1.00013587792 -0.0434673499369 -1.29808152057 
-0.876169426586 -1.63145804018 -0.134041162588 1.24928411911 1.60970990531 -0.61138588286 0.316039772098 0.194883595531 -0.428023960906 -0.639148606549 0.290103019911 1.0924763426 -0.0694153650277 -0.782242207247 0.105262405299 0.997046578366 1.86491973243 -0.745815552319 -1.0643206041 -0.758768970249 
0.00216523623718 -1.01392792621 -1.6662772601 0.315896930142 2.03449384871 -0.991930830895 0.0681019707653 0.131708201952 2.57985038754 -0.43926031671 0.869568522699 -0.88393106785 0.313229874226 -0.437915945616 -0.740614649746 0.351991731943 0.727683327166 0.198097877165 -0.20638232473 1.07560115333 
-2.53695992751 1.12797951169 -0.430027156676 1.01224427976 -1.32360026594 -0.480511327397 2.53351889136 0.660982279046 0.957747542512 0.518062273074 0.415594942276 -1.25572154953 0.0338258998697 1.37051725988 -0.786585855698 0.902232690199 -0.217774809032 1.33543460476 0.0348329808351 3.88527267392 
-1.1333224382 1.9532351298 0.418009865276 0.281840909147 0.465517311717 0.481746739479 0.816142066491 0.158676394758 0.757554199948 0.591307435894 0.629013567245 1.00473374506 0.0478048538711 -0.437474662723 -0.377012072051 -0.466485199281 1.48747583928 -0.192827983127 -0.945213114576 -0.95815453256 
3.37467379389 -0.166063511421 0.505533176273 -1.7398147613 -0.725368696369 3.81260261643 0.585275269511 0.303128204273 1.40051743771 -2.41680585141 -0.893256630088 1.14295729379 0.701739499866 1.53394871697 1.32406687969 -1.54525769778 1.06171256341 -0.706251195541 0.497545918402 -4.55490154969 
1.53642479527 -1.15096144919 -0.927880157725 -2.7447591567 -0.440567006087 0.785882349999 -1.20703451922 1.22656456356 0.427413724649 0.850545273415 -1.51293533748 2.98459997766 -3.03209466185 -0.893754408215 1.04708786998 0.636266069795 0.879383387006 -1.42728333308 -0.268202522992 -3.07073986995 
0.247093800765 -1.06573296932 -0.600926051215 -0.951092517051 -1.77388137484 0.645685317039 0.925775152658 -0.81295946032 -0.178693453762 -0.0995960342535 -2.08499191438 -0.451764018006 -0.0618320502089 -1.97071519831 0.475109995158 1.56452272202 -0.736848404829 0.523746358918 -0.200656418866 1.66849064938 
-2.93197233632 -2.08372263405 0.360854374607 3.25713123007 -1.07950698341 -2.96554863525 1.31891660305 0.948398701332 1.09579599541 0.95620964963 -0.461909122989 -1.60899970204 4.06678786536 0.222445933156 0.215600727771 -2.17643467069 -1.96900520001 -1.73541801667 0.732223757711 0.295775995061 
-0.569794662172 0.0288145314212 0.842455980805 1.05029408361 -0.801374854933 -0.371784308007 -0.269480394484 2.25396291164 0.968209045363 -0.765959195298 -0.329944398537 -0.189051576232 2.65856489615 -0.0679752075198 -0.464225080586 0.0888556024049 -0.930847750329 0.386276773472 -1.85165974707 0.128994460179 
0.848948993855 2.37390367217 1.06631270069 -1.47573727906 -0.449567702099 0.881454322067 -0.235915837418 0.207074199355 -0.300512682599 0.160719443911 -1.12185700141 -0.893036067413 -1.17856981606 0.087382868954 -0.506282862708 0.905355906317 1.61790551287 0.947600329815 1.00192028376 1.36103688783 
0.083234584147 0.752516181752 0.97375979491 1.34733326771 1.38997277412 -0.904672901777 -0.456643015414 0.0786777668619 -0.569549230841 -0.791981671527 -1.02141962359 0.921439296908 -0.709978682237 0.666577704694 0.429563349302 -0.44218743838 1.78489531576 0.263902862357 -0.273143813953 -0.357197764099 
-1.35622265387 1.43168378438 -0.755936347375 1.36228104499 -0.517224152475 -1.38007459519 1.27642109864 0.854224051344 0.0102765788355 1.09591543911 0.101115711522 -0.137494746477 1.01896166051 -0.17435054123 0.030005431046 0.127281010623 0.28541186739 0.513319374289 0.300967278562 0.786509496364 
0.103545436168 0.845661123596 -0.22312127308 -0.419784803034 -1.47459946949 -0.12106228705 0.53030498059 -0.722454021026 0.864722990638 1.55665468967 -0.921665868792 0.346557963266 1.15988764876 -0.230808227213 0.417118605923 1.35193929442 -1.18375352477 0.729702240463 0.815843281451 -1.77526153203 
0.740895989722 1.14944949898 1.75968815165 0.0247590908903 -0.950247456349 0.138967825185 0.239525907775 0.0273679328476 -1.76851672058 -0.737325346712 -2.41532106263 -0.246566378905 -2.68977435649 0.0754913569291 -0.0584621944027 -0.734492831016 -0.468295916249 -1.52871735162 -1.07903739375 0.468556539201 
-1.34162368418 -0.875815597233 0.795173009727 1.4614225669 -0.455576171648 0.263651093097 -0.868201215635 -0.283486580944 -1.22720875418 1.24563414413 -0.506683167531 0.846480768668 2.11496398548 -0.310404676296 0.928115999165 -0.384064085196 1.41020574988 0.149021497078 0.146995023033 -1.91454897666 
0.766161040935 0.600602696536 -0.404553453828 -1.40692997076 -0.283860137154 -0.708799001085 -0.631106667815 0.561924243547 1.31095821753 1.08302197128 0.10216744091 1.8580933586 0.0886196101665 -0.215724030305 -1.3962374046 1.23100867054 -2.29334211306 0.4474309067 1.21595604579 0.480251566813 
0.0883204295136 0.168758258853 0.717683278451 -1.83709704081 -0.581295477226 2.31101018829 -1.31930332574 -0.684491984116 -0.590461309082 -0.0504820603008 -1.55952122247 0.654573594412 -2.11242416239 0.600786430818 -0.12795205737 -0.474208528764 1.12815752116 -1.7357618233 -0.737593858421 3.10266575401 
0.553748240528 0.0967064048619 0.665659371868 0.387343060412 0.749969744795 -1.13863562047 -1.40644610306 0.351683461019 -0.575744666331 1.79291348456 -0.219899150396 -0.494679537096 1.35614144393 0.768985715288 1.03344243246 0.467534068379 -0.43074709054 0.811545514357 -0.207085459528 -1.5175250168 
2.65833936667 -0.285344880223 0.43746208404 -0.276983487568 1.23228925641 -0.871220533155 0.362962712892 -0.429466750029 -1.22567376012 0.369960133781 0.167785984196 1.46172137502 -0.492029233544 0.499819895484 1.30830156068 0.721038103665 -0.854112586611 0.0283366722408 1.88286464668 -1.39092058869 
-0.301700642505 1.75463798585 0.395378106348 0.122636866267 1.13983997205 -0.173267565727 0.299504919012 0.632861442784 -1.53316299426 -0.0194689843644 -0.0617640801008 -0.813875899093 -0.313557603074 0.239187347894 -0.0107951963513 -0.0808324327731 1.67619036037 -1.45956285075 0.609449832424 0.533000199972 
-1.9054921415 -0.982567507423 0.329360470647 -2.24371529549 -0.659240255882 0.636590498764 0.475565804296 -0.0796362556969 1.80951712625 1.93844300814 0.93744944384 0.112204856324 1.15513932321 0.0698567306678 0.050345644337 1.46238448598 -2.10215354019 -1.05782100604 1.06228066917 -0.382316250178 
-0.787258485752 -1.68522120585 1.60912180547 1.57095529831 -1.43272306124 0.392503104193 1.00434975233 0.72230921743 0.593992419843 0.12995237138 1.20199237466 -0.107520687182 -0.148262098434 -0.399528025764 0.716668122237 -0.0571644461019 -2.18046846053 -1.09563045862 0.649293211183 -0.271113594446 
0.709782294617 0.999044579105 0.789751300984 -0.227772102382 -1.46617205789 -0.0634659959307 -0.298446065864 1.17127852722 0.765345901213 -0.0914440239426 0.728472104775 -0.546992261363 -0.611831063328 0.0237872657649 0.488096827696 0.393160463079 1.1816889998 -2.09357772734 -0.564842168483 -0.792982870606 
0.872910605723 0.495326251121 0.396397655617 -0.650573177099 0.398148766853 1.10896376698 -0.8732956085 0.987953786026 -1.65531329069 0.692173154553 0.125851766106 1.77969025025 0.477848917358 1.29954549929 0.358896093859 -0.210652208448 -0.0223511096798 -0.374838371828 -0.0875541654434 -2.51960079577 
-0.147418287091 -0.517552619626 -1.43927706388 1.27092311068 2.09356618811 0.595536408218 0.795569847666 0.545284005503 -0.205428769308 0.0928372474215 0.141640359944 -1.78675017823 0.567956703678 1.08527577394 1.92363263083 0.839417979843 0.211200794529 0.673144672729 0.648964526257 0.104290436346 
0.374990806535 -1.61144638734 0.223453449083 0.0318188812017 1.0670015278 -1.08481521479 0.189475842153 1.12844821229 0.456265246655 1.02610546859 -0.469659761574 -2.09136295089 -0.720070153429 0.0256218880121 0.54616244689 -0.898858181969 0.82252382448 -0.202031782547 0.545240986885 1.10895206352 
-1.81807431444 2.33623299872 0.816181042442 1.11052268458 0.209415341289 -0.562321632947 1.60399536897 0.147109263074 0.180774446158 1.3960254184 -2.00517455462 -0.24604087891 0.58760724043 -0.0808201240554 0.0835186918243 0.813359369457 -0.372293062686 0.684627782919 -0.802930462786 3.37125552727 
-1.30147028757 1.13617033159 0.763215811076 -0.553717250527 1.70563599276 -1.38323425882 1.60020853152 0.0639634063595 0.153945899523 0.696164909827 -1.6131969417 1.86974490556 -1.62361971239 -1.59262971827 1.8258188665 1.63734053872 0.411747042027 -0.0350575028696 0.775968156754 0.124636355706 
3.09513733903 1.71816523342 1.80785223481 -0.191424446617 -0.510022461246 3.33048988523 0.0749893203369 0.79473441003 0.139856149034 -0.290955244828 -0.719545781636 0.716546087421 -1.29472624658 -0.285775679276 0.179016703233 -0.325038148177 0.286916691418 0.659464809447 -1.06986444624 -3.91361935982 
2.76689875759 -1.62890565157 -3.66898947257 -2.75559031575 -0.79031722774 -0.323508398174 -1.52549842856 -0.490834641138 1.6089164808 1.0040203795 -1.38067023311 -2.30819978367 -5.90902105263 -0.364892908691 3.35314710907 0.90752727742 4.1493792327 1.15962596826 -2.04798301833 0.478396203469 
0.80495172799 -0.537801295128 -2.81517627024 -0.653297400404 -2.83166845621 0.807490998838 -0.95808408353 0.251059178986 0.6682626638 -0.595600031264 0.616256377978 0.569270945849 0.234166260371 -1.05991891064 1.67544512595 -0.822322941007 -1.42557262774 -0.443930788997 -0.206799875002 0.867444761765 
-3.53749174354 -2.01942064012 0.189749218455 3.03615844546 -1.18191333686 -2.07950210817 0.950278837453 2.91279815126 1.54049020648 0.103723076331 1.42988126648 -0.213027526655 9.42076023832 -0.515620880297 -4.60209564944 -4.19535660092 -3.57035259199 -0.566288732107 -1.54669731073 -0.846941745584 
1.23477496907 0.380017230383 -2.03614338392 0.400288596898 -0.346011797885 -0.256697028813 -1.71316604642 -0.701943202233 2.38466952485 0.173967115221 -0.1062697964 0.140283674364 -3.17090337713 -0.920317581389 1.81909029547 0.419484423651 0.0243479085067 0.602387631947 0.228314225446 1.70881727614 
0.444600577821 1.00422422978 -0.882967484018 -1.08438839981 -0.827985165694 1.71755643235 -1.07835870542 -0.353330287773 -0.338991028892 -0.510769654457 0.356611173348 0.292254690482 -0.991570471432 0.64768016505 2.3718077048 -1.46500440135 -2.05707909965 -0.49859136962 0.154519863735 1.13804590951 
-0.957974912625 1.16173974729 -1.31665228872 0.7219593655 0.390532612601 -1.52571867857 0.0232356914015 2.29995663068 -0.608230045404 -1.4764718835 2.77329279045 0.734335425183 1.8724804689 0.976670258461 -2.89770625431 -2.35299688874 -1.75604307019 0.288988775636 0.280993366614 -2.35860294733 
-0.0425161247414 -0.585763642833 -1.25540703315 0.802055136287 -1.37689465889 1.04885459693 -1.2342991355 -0.528137624407 1.73490285804 1.20454245962 0.229494064551 -0.419405332054 -3.49740218401 -0.0929989495522 3.11916793353 0.383245193082 2.04728132882 -0.834558414087 -0.14175219481 1.20475715627 
-1.29990608805 -0.175152457799 -2.15612045108 0.0706866180688 -1.33683876314 -0.101640168989 -1.09071827468 1.4678262655 1.12315595508 -0.568491893213 0.328434649924 0.991104065238 0.155843363872 -0.705854103891 1.24386777207 -0.242605300252 -1.01911432306 0.992179502929 0.625739304068 -1.81786288349 
-0.966477715618 1.78819079546 -1.9260655271 -0.530019228673 -0.668388601938 -1.42811134378 0.36443313329 3.84108935359 0.0281210226192 0.0427451867444 1.15636570014 -1.5533586126 4.7182102991 -0.19438843899 -3.04075441874 -2.92791257484 -1.36354353274 -1.48340741321 -0.342215476404 -2.14809160601 
0.61589835534 0.33872565093 -1.0443571713 1.3921065976 0.914333703922 0.471910023836 -0.429748632113 -0.91354546396 0.231562301156 0.130422884732 -0.456722022699 -1.32186683517 -1.9609485084 1.3807338512 1.48350142696 0.269403137298 1.84032209459 0.0354745134072 -2.31565956587 1.81415540134 
-1.53300853043 0.239526803918 -1.03735388402 -0.453808781091 0.500859523627 0.950305387447 -1.31578410733 1.94601173281 1.43297391959 -1.15306408552 -0.697690504524 -0.437821361409 0.494093128194 -0.0916180170002 0.946239496409 -0.386358523428 -2.60483125244 1.5557625637 0.006918051809 -0.0157815744146 
-1.63878314352 2.25252634203 -0.0983431164854 -0.452344279313 0.160887372038 -0.189954346727 -1.08548106129 3.29011359286 1.50698348599 -1.15590731702 -0.457364346332 0.737781773465 2.46658192665 0.0457108466046 -2.667597969 -4.53862765799 -1.13826588948 -0.710001947921 0.302648652662 -2.06768665104 
0.0150148457428 -1.28039642664 -1.0617569479 0.483753854119 1.43889891947 -0.591261098031 0.383546090859 -0.914519151039 0.627859801242 1.16306461992 0.36917296627 -1.86442947678 -1.2746768642 0.981841215835 2.82345572366 0.41217165439 1.9742741088 2.15881838593 -1.79516796986 3.42387953045 
0.100192588115 -2.48430670907 -1.06280727844 0.272480363834 2.01140527309 -0.129215767323 -0.36035767896 0.407891962203 -0.885349287197 -1.09398852768 -0.177164279296 1.46878685802 -0.330876162755 0.731483955464 0.395625433939 0.362788176 -2.51753638409 1.95289483062 -0.52572175922 0.647910139329 
-1.63771873467 -0.872425900258 0.215653749357 -1.07379552058 1.96191346831 -0.712210082581 -0.0149959402115 1.10819829021 -0.85301687873 -2.59796420979 -0.301230705489 1.79779953359 1.67769948902 -0.0392594830538 -4.23317693218 -2.31017689022 -1.67243325174 -0.31697947301 -0.831161767852 -1.43944865584 
2.33159208167 -0.643677979539 0.534321006826 -0.329158724875 0.657597523568 1.34482882619 0.775364119304 -2.84816790346 0.231112720956 1.02489358745 -0.852416880535 -0.308884533509 -3.40326598417 0.0380193326532 1.65803674842 1.18802581594 2.97135742236 0.0915525848973 -0.708629576809 3.01207936705 
-0.000683878776767 -1.62559792313 -2.23005082767 -1.22438773417 1.55258977243 -0.228050126106 1.51113096736 0.45937136693 0.333197840878 -1.38067696145 -0.359154954476 0.835236593986 1.29525527379 1.04009748087 1.69746685174 -0.648670267006 0.685792313221 0.704560985262 0.497482590808 -0.677105462027 
0.00514663488524 -1.83058455086 -1.90825187719 -1.98455769627 0.440561411991 -1.24697658839 -0.444558347866 3.15073981207 -1.04742595417 -0.0252820914757 -0.787571417945 1.83039888667 3.35239628076 -0.0680706374515 -3.95759770111 -3.11910129824 0.000183952719519 -1.11115514219 -0.591336081587 -2.2159818547 
-0.466241338708 1.37358425578 -1.25000313458 0.712832260437 1.22005512287 0.596935377506 0.700138873362 -1.30619962368 -0.379361976134 0.27508113217 -0.0144650803017 -1.42700574375 -2.28552661952 0.761804377614 2.70555795524 0.101053951275 1.92151617544 0.549174415064 -3.72831659317 3.72752699465 
-0.806150925616 -1.17820140706 -1.5676188919 -0.675338777191 0.663054319505 -0.502288254397 0.643239036455 -0.253820908677 0.398383978457 -0.034050572304 0.619892653739 0.258532125954 -0.176767160924 0.345598290785 0.412372112881 1.2687827553 -1.97418123715 1.84510109736 -1.35155825024 1.15969328269 
1.51862803099 -0.468458109222 -2.04313481045 -2.03905762408 0.159820481452 1.22009885049 -1.7153174276 2.3724974056 1.46754633044 -0.0506857822069 -0.542432279182 2.09390410114 3.06248348738 -0.422765428471 -4.53561236846 -2.39734320767 -3.02893151395 0.127325595263 -1.90347454232 -4.11029447593 
-2.15674272212 2.71759300402 -0.868675405143 2.41803042878 -0.10908222712 -1.49934657643 3.41884308845 -0.907559421476 -0.994089459967 1.81589942742 -2.48569624451 -3.2423123801 1.76879019662 1.10561205801 2.74362143263 0.242174637284 0.670171274425 0.086416612609 -3.24521287081 6.66236026449 
-0.541664387728 2.70465026671 -2.00777677837 0.799989516554 0.416980235878 -0.127386802337 -0.380213838918 0.504004418773 -1.66019092379 0.298600310095 -1.45176704304 0.751094080567 -0.881934342812 -0.00251775913454 0.776223636932 -0.324242768547 -1.26423316938 1.89426565402 -1.09726757234 0.492362288251 
3.19619703348 -0.489514485633 -2.14265331068 -2.16806766025 0.0942696273444 4.14109050393 -1.12952181533 1.12247104353 -1.79364496514 0.0258546730278 -0.112802365231 4.74412138884 0.0306418080288 0.393503153486 -5.25798198869 -3.05152834476 -0.990431835103 0.300302128351 -0.788273483311 -10.1870315034 

-0.739052131663 2.58593938991 -2.59302011227 -1.34419361063 
1.81799982044 -1.22442502602 1.07488556366 -0.888911513431 
-1.59224463468 0.873144370353 -0.714798194549 1.83728624653 
-2.11208849194 0.808542836136 -2.2345059396 1.49794904894 
1.62878880763 -1.08816996359 1.15487361231 -0.894422422402 
-1.87309360211 1.44319328584 -2.19809197255 1.20636443527 
-0.79762858648 0.0455873101177 -1.52247846475 1.8279992819 
-0.546607153278 -1.41526304552 1.17284448265 -1.21044371224 
0.0347927292249 -4.9443051781 0.552976307043 2.67815372648 
1.72294873236 -1.33693153816 0.409642202387 -1.02051451495 
0.550920870392 -1.31204162439 2.15096567254 -1.38763368116 
-2.23101686062 2.16480896489 2.81722513185 -1.22314128159 
-2.36853596791 -2.2176824196 1.00820546591 1.93278834498 
-1.4928311974 2.75519163922 -1.8777157911 -6.40045613614 
-0.676497388451 1.75666665527 -1.98504368653 2.15598530305 
1.30225546797 -2.42097015969 1.28134729272 -1.76310977545 
1.37630005024 0.921313384602 -1.58576766265 -2.16672395842 
-2.4429904232 -1.62220079671 4.20181292836 0.109798408964 
3.85179568211 -2.59558577507 -3.6071164522 0.596669117952 
1.61758514458 -1.33428168772 -2.07212184778 1.97111121893 
