0.852426033472 2.39279058614 0.201764272689 -2.38068665293 -2.99649812703 -0.21548944842 -2.64029952081 -2.2815716336 -5.35223048014 -1.22100107205 -1.27083840083 0.511945383889 -1.44369149276 1.64450889533 0.93698802615 -0.306366967303 4.36506529772 0.0331853967736 3.30207598364 0.388328294274 
0.534946604949 -1.68191453879 -1.2522046354 1.61006800023 0.193011468881 -1.10040791722 -0.527135397556 -0.955870587835 -0.268064001887 -2.36721239838 -1.03907731561 0.204983642084 -0.556477571987 1.05287380978 0.255315999068 -2.63432361983 0.0574780691881 1.41453080165 2.35620515894 -0.253872267809 
0.0597378456356 -4.50467088823 0.0906831127831 4.34261516577 3.15296137389 1.54673641245 -0.801557999879 -0.512086468016 8.75275770633 -1.21528344516 3.3868239377 -0.71192714178 4.66822622838 -1.74989777723 -0.404938383826 1.88174580557 -4.5760232197 0.327321716356 -0.812006475415 0.495951131185 
0.488200052496 0.89133632366 0.467622618055 -2.54524210874 -0.00982517451299 -1.50497873261 -2.1455573168 -2.82500235265 -2.83863362199 -1.45577003505 1.43581023521 -2.64798531198 -2.48699791241 1.10638988686 1.92023415755 2.29608304265 2.67684311463 0.689031644963 1.42487627495 0.579156550226 
0.380084150775 -0.483886505196 -0.0271322161845 0.302487867275 -1.02029346342 -2.14672051465 -1.47027463781 0.478847264903 -0.822822474663 -0.615541884341 0.239376454058 0.926886945001 0.301461446287 -0.335159263104 1.53485848347 -1.70523937222 -0.253010387827 1.475743645 -0.0268649088796 -0.574854008572 
0.645475594868 -0.42441529315 -0.88372772975 1.36470943024 0.0324716272926 1.48093772762 -0.867904973575 2.41362814025 6.09214445433 1.07293202551 1.64379495433 1.22096066012 4.64320415306 -1.15922994269 0.957626958631 -0.591963826816 -1.39534950088 0.831243345553 -0.34075087504 -0.506533721287 
0.578424773669 -0.880455445882 0.178448583008 -1.10583113651 -0.347160676872 -0.262577172876 -1.16291176024 0.518234435477 -2.6460070622 -1.5608126575 2.01718710378 -2.53562829567 -2.18793742181 -0.679932189679 0.517043464884 2.4026100707 1.27224144151 2.21433171761 -0.677083311519 0.003757998943 
2.23515074842 0.401341318836 -0.384877680877 1.37337445091 -1.28572365325 -0.265086292454 -0.180526667746 0.350982492071 -0.275631003318 -1.58562185112 0.608802030343 0.471326506666 -0.705933184365 1.2067968683 0.980736997917 -0.502919088784 -1.38143776302 1.74355944495 -1.30644744941 -0.202880639691 
-0.0436009717487 0.555714276585 0.24318750182 2.77605665971 0.843333638617 0.248006033175 -0.167868419809 1.65791808045 3.57716665588 -0.783940948605 -0.208986528539 3.48761539994 3.99323881033 0.449866356463 1.76749806291 0.407938856712 -0.900987893659 1.51165916446 0.323992048454 -0.278034187449 
1.66899917856 -0.270265013753 0.407612792147 -1.22958605682 -0.248289104016 -1.74071691937 -1.34850607 -0.255507154644 -2.05025718307 0.189907500448 -1.10391885969 -0.789124647006 -1.29732273759 -0.327338517198 2.83588094288 -0.819896493106 1.23483225911 0.139512523037 -0.123292836465 0.353999358398 
2.55323784425 -0.557869779162 -0.0853496096807 0.598291832538 -1.72809988052 0.0621687961318 -1.34965912906 -1.1738098088 -0.316117421395 -0.0859257707055 -0.00824865808424 0.0740041336098 -2.28751051182 -1.00821365399 0.25833880378 -0.716797851074 -1.37983057406 1.64136480413 -1.24202229422 -0.352377130401 
-0.509713768086 -0.240917045851 -1.07841234818 1.02634110245 0.621259664877 1.49651500698 -0.55602070455 -2.02229431006 2.71726475484 0.10470685223 -0.927323160473 1.90494012662 3.42383096566 0.8388202883 -0.171191889087 -1.50745343535 -0.899104582888 1.19900713145 -0.597713738473 -0.231067322819 
0.378493950212 1.44649615976 0.612538597162 -0.233204603797 -0.457597895782 -0.61797542029 -0.309600071197 -1.36047091367 -2.77510831417 -0.175769362665 0.449059345235 -1.94487703482 -1.26301499153 0.325344438719 2.52861308811 2.43351475863 1.75495696052 0.592200298758 -2.1869711077 0.303856348003 
0.0202398713408 2.8856294838 -0.488681119223 0.546117484422 -0.252394509327 1.00447039599 -1.86297648379 -0.131939223222 -0.0645556782446 0.215280300247 0.292262772313 0.118873196336 -0.771620894088 -0.128665731472 0.4252870316 -1.68504379735 -1.2139911529 0.340848480719 -0.10387156176 -0.370809446783 
-0.971646155989 2.87255261803 0.788091863098 1.08939173888 1.10519331133 3.27685485709 0.1133750941 -0.548045473614 2.06516994803 -0.577865866755 -0.614788775801 3.46405008268 5.43222014883 1.24555180642 1.55848043109 -1.81956707509 -1.4908142401 0.887840906416 -1.32965628231 -0.191014525768 
-0.72031860715 -0.825329668121 0.279954773458 -0.632702811002 -0.142694121839 -1.01389739565 -2.46834364388 0.22224774794 -1.15700224554 -0.533516596412 0.471771868006 -2.78883139293 -1.09780982696 0.320127412818 2.56172724561 1.46807246415 1.42888066514 0.275784002714 -1.20290510091 -0.618824485273 
0.287636780959 0.976921415358 0.492124396275 0.0118457633613 -0.0752808446305 -1.14317893084 -2.10170079981 -0.0464396654576 1.08408813316 0.823012831451 0.0806679799171 0.666000626098 -0.00652686699269 0.690245767759 0.792295758705 -1.04741144739 -0.195492818685 -2.00323397832 0.440820448196 0.243511286717 
0.708160379757 1.46123879133 -0.280955058724 -0.0441874174141 -0.908013473584 1.35135859498 0.686357402251 1.42450206419 3.75662132695 0.26913534856 0.194261494596 3.09717174049 5.11891406657 -0.71254134468 1.44195763771 -0.913977097289 -0.288046675162 -0.0431776476682 -0.63859867748 -0.0112313227131 
-0.436101555704 -0.754487431235 0.636908665999 0.356016533608 3.0023933843 -0.945780171181 -2.33717075214 -0.824256600044 -1.94504072008 1.79766935596 0.0557242083131 -2.42777719752 -1.46173148226 -2.01244869137 0.824844132175 0.0884274494917 0.560118389893 -0.503365509791 -0.761749058423 0.170536205106 
-0.810355373353 -1.55697797549 -0.664901023781 1.30012458825 0.48163760755 0.151918168291 -1.32321916503 -0.00683011482301 -0.83878045322 1.38853243122 0.684344658688 -0.748610117426 -0.381577793378 0.249032058609 -0.256456276163 -0.285866008349 0.906326534054 -1.93405935027 -0.702398032343 1.55967000244 
-1.75739075437 2.00906953277 -0.414834199396 0.699052593498 -0.12485835813 2.19596767975 1.39161612505 -0.533530202861 1.99281127846 -0.0240805936271 -1.65625983443 3.48009766454 3.04047145482 1.05992199167 0.229505797545 -1.0368590735 -0.238166587955 0.259867233409 0.887409164926 -0.402853221098 
0.460996575938 -1.75872117876 -1.779350824 1.19521713845 4.58786529177 -3.42602814833 -2.02116764732 -0.040919072562 -1.30632907644 0.224410202654 0.528624586521 -5.02546983119 -1.52659185485 -1.323517882 2.31810782381 3.69167127235 -0.405758507462 -0.593199013184 -2.17464658729 0.339319295186 
0.772423345338 -0.598561049606 -0.332883197739 0.0604358453012 0.379307452179 0.701092216638 -2.40414548021 -0.263296462535 -1.79586150691 0.794788068257 0.870135400154 -0.366385350086 -0.689723593014 -1.64240168906 0.776455636578 -1.15139113801 1.18041535546 -2.34736843231 -0.287618811918 -0.198930207733 
0.233660473781 0.48520069895 -1.57979660329 -0.581850522546 -6.2121356811 2.80392606399 -0.174375973369 -0.433197721265 3.24119966259 1.01693808952 -1.977704363 8.28082776013 3.54005311461 0.354916110146 0.00172062327281 -3.45808207094 -0.460895111701 -3.23074703233 0.702596542146 -0.764062709003 
1.81414409785 1.82629401541 -1.2044969691 -0.783436858661 -0.197482145344 -0.211355619982 -1.03177451731 -0.310401412107 -2.01203563535 -0.351440066703 -1.61661688133 -0.643441138708 -1.28502291861 2.3435725391 -0.214157674666 -1.32940450521 1.34881025079 0.944465084773 1.62883561409 0.502064672762 
1.13725404095 -1.17950632642 0.100400857064 0.869443196221 0.935583982735 -0.352666988765 0.501647383697 0.927820986238 -1.85131409816 -1.0074456927 -1.24844035307 -0.469311653449 -0.347526620453 -0.103736909907 -0.45032615455 -0.173684095881 -0.884313928478 0.832592769758 1.94995121624 0.313745068541 
-0.218629355387 -3.40217184805 1.27493017579 0.19621481585 2.62096363434 3.59548059969 0.227130296062 1.54950579578 2.27903191702 -0.422563655802 1.83916268487 0.476191639196 0.527895449894 -0.0752898211252 -0.578139727057 1.94128272942 -1.341271971 0.0683272644648 -0.899097780905 0.415860771742 
-0.285227552225 1.15971658142 -0.742378719284 2.12791775295 -0.439975223491 1.87564251282 -1.34443995716 -3.48111118894 0.927932976047 0.359327015824 0.918547063767 0.791616263977 0.586053229725 -1.08375616411 -0.0128431575355 0.233415233009 -1.56758023245 0.528676514322 1.23182156858 0.306079804729 
0.046456679495 1.51522735316 -1.50512183981 -0.795471459893 -0.767313744944 0.0962943239768 -0.682162196254 -0.301494520992 -1.10634238067 -0.973335193423 -0.269613663134 0.493154891288 -1.65220922161 -0.910221880932 -0.680986711701 -0.0496263069834 -0.317449272188 0.959457477391 -0.208348085826 0.680547059207 
-0.011100774265 1.73525100657 0.0365053302863 -1.00633318477 0.450410770284 2.19604450694 -0.0499800842805 1.27654523882 -1.70706296975 0.00292698867086 0.246961285744 -0.83791449225 1.60613032316 -1.97340952177 -0.725318751082 0.286203149677 0.32489559125 0.985237375817 -0.537704943506 -0.451598456844 
-2.29976761013 1.10166895958 -0.0349113677749 -1.33430312116 0.396046472901 -0.692031537673 -0.790195779773 0.672600432032 0.340995823844 0.181143273868 0.438262742816 1.50720208876 0.952029210679 -1.38346054772 -0.0634773581359 -2.50417169137 -2.35413383803 0.0726347765011 -0.593383129488 -0.31418328081 
-1.12455831613 -0.826246375845 0.216989191989 -0.457779235269 -1.81573173937 -0.615924978618 -0.200882751806 1.43187928187 -1.28467285716 -0.98356821995 0.904256811415 -0.605950856583 -0.446041356193 0.210170412597 -2.63425951971 -0.895850747401 -1.30380222983 -1.16831751846 -0.537134751946 0.659427771626 
-1.5066906618 -0.817940067084 0.919479128875 -0.461138089128 0.231496775089 -0.184333719251 -0.0590632395021 1.48978882059 0.00528174183237 0.309548646833 0.264366064025 -0.335681457737 1.8402152175 -0.924292496113 -2.41233094055 1.95602689754 -0.809245859815 0.0645519356762 -1.19944738656 -0.0911937210382 
-0.608567522104 -1.44095131675 -0.717402369526 -0.655225227485 0.890935876668 0.57111757781 -0.239794456182 0.385182852113 1.72663518022 1.46412533941 -0.757523322104 1.66263554278 -0.0949121920138 -0.509934922603 0.134485479016 -0.096787629487 0.959546968515 -0.935792688869 -0.524623235452 -0.439282861668 
0.179733307422 -0.654914360018 -1.10380629134 0.37094473238 1.30417251173 -0.658741105966 0.821889848996 -1.27952456327 1.19777011485 -1.68930936384 -0.588409714657 -0.319189941252 -0.542068490274 0.395601049904 -1.41627327882 1.69365142615 -0.210228822427 0.228254126203 0.359313964185 0.484790796927 
-0.773066391332 1.76595387356 -1.00543190014 -0.829919258138 1.14892715699 1.44310381494 0.963918064084 0.907022016627 -0.447529912843 0.370715176051 -0.334115478634 -1.65609164489 -0.303685298112 0.97946696833 -1.46398067594 1.26924958118 1.18896997648 0.857781463313 1.19392082035 0.253351120593 
-0.498345249934 0.818834412722 0.80653085335 1.34782907877 -0.373880901627 0.402565386763 -0.142366144865 -0.254913453854 0.673169610585 -1.30432663964 0.0947272797518 1.73811839621 -0.0726685173613 0.0654961291998 -0.243012504343 0.00101499120269 -1.04306448011 0.00381056673963 0.943273862413 -0.37832424964 
0.477827028393 2.4683220037 -0.739318794034 0.234341421552 -2.09441953107 -1.25911074054 -0.326120693254 0.662529730546 -0.869761425613 -1.20256682727 -0.359922289384 0.127863445616 0.878212099265 -0.13893265096 -1.06553835136 -1.41627190293 -1.8607148984 -0.394367155889 1.80318756954 0.112977104983 
-0.84066155542 0.107799908199 1.42273301194 1.10391418972 1.19970754761 1.25373335507 1.77679196712 0.0308690957157 -2.07769514724 -0.0631287205351 2.19215525637 -1.73701352813 0.11373417219 0.409395995216 -1.36934191682 0.917311878516 -0.192158301122 0.628515863603 -1.3039987013 0.596432045337 
0.453982941613 0.948497401209 0.463402618337 -1.30687847966 -1.41400451104 -0.609523873033 -1.30931149442 0.387791989441 1.13143024027 -2.295908544 -0.965134327548 -0.383486727432 0.298005521253 0.960149368238 0.0322510877862 -1.20499960035 0.368465430182 0.80465271859 1.40047158096 0.659920305398 
0.685772930455 0.304713097215 0.167350604028 0.146286135914 1.21137800651 -0.764849126708 0.107399887767 1.7897999468 0.985242394393 0.968686983588 0.64573485419 0.794378242542 0.00699864586143 0.0196372542892 -1.16574667532 0.0940885489149 1.17151504799 -0.873492500305 0.921883877418 -0.00215249783229 
-0.341645109613 -1.04900047582 0.370378832033 1.3665948331 1.94307925742 1.20472237184 -0.0137787083339 0.0800575401885 0.048832810407 -0.424371878209 0.207274996699 -0.151684353879 -0.452799248027 0.816513137891 -2.6540752102 0.538780874628 1.45123610033 -0.128978583627 1.57373537888 0.17237346799 
1.02592111482 0.803794698019 1.91184783815 -0.282577754394 -0.250546252442 -0.545840800235 -0.901171181746 -0.706342075749 -0.321947281039 -0.318623931472 -1.10673467837 2.18266324507 0.924555457121 -0.720282759031 0.97373850995 -2.50674537054 -0.594693451409 -0.931832073307 -2.22892151334 -0.234715816812 
1.7423847334 0.414857492464 0.286689115138 0.175035504948 2.58076054124 0.107712295823 0.864072742772 -0.687634867243 -0.211052735473 -0.466955889055 -0.147547114947 -0.391837872533 -0.131244506569 -0.0311614045727 -0.0820698153563 2.34291685292 1.20672933485 -0.269655348432 -0.855208956494 0.167764628941 
-0.171506524529 -0.117071206666 -0.152856285642 0.358391481627 0.138517704541 1.13475478776 0.0996381213585 -0.414642487059 0.150070041423 -0.564147644778 -1.79350115998 -0.0957049362549 -0.792103871592 0.364741681689 -1.30787699833 0.962862901737 0.848360249327 0.946559554152 -0.317610958206 -0.081954160973 
0.426291697143 -1.59833906154 -2.19576377069 0.959837642051 1.03695166272 -0.109255530743 -0.262011573176 1.40710528625 0.681762349258 2.23534449765 0.642579444685 -3.87418989362 0.549987407717 -1.19373066403 0.528556640607 2.18282238768 -1.93410872449 -0.242652883906 -2.05129155103 0.344628580014 
-0.414173236844 -1.04494737262 -1.31277163506 -1.30535946951 0.203819751606 -0.525654038995 -0.747502160943 -0.0977354696538 -1.46953818752 2.15023168559 0.416189549873 -1.29591857825 -0.58979654757 -0.442484784155 0.471264778384 -1.14790283143 0.52925131586 -1.15616659383 0.515965895602 -0.0551814429724 
-0.591810203884 -1.56267825929 -0.0483386770883 -3.95520799525 -5.70287816603 3.94489236499 1.45027666693 1.17544312908 -0.0550339932551 0.0312418283587 -1.84040761803 2.89027160516 2.24121359259 -0.180219862678 -0.477680784612 -1.66979472306 1.84043252155 -2.31555968922 0.841668539265 -0.191772286271 
2.05437388759 2.05620422548 -1.77440614607 -1.700806655 -1.59471284555 -1.44587302683 -0.483019193212 -1.15343238762 -2.65124685862 -1.07775026904 -0.720826162448 0.620191768709 0.318675143617 3.32711047301 -0.173343941297 -1.55289148087 1.85221015612 -0.803486017045 1.82426908059 -0.62184298972 
1.12571793005 -0.761882113474 -1.1808171592 0.435720883069 1.10528215935 -1.37465376951 0.114386482747 0.99678557148 0.214413256189 -0.750868510844 0.179266165473 -0.605304197329 1.47844648229 0.391877001543 0.0978085653766 1.89249660282 -0.917838875554 -0.221294998289 1.19279415645 -0.0310444663265 
0.987394371778 -3.02774553586 0.470314745712 1.6826525425 1.16912203285 3.1390770993 0.493213911105 -0.104638554284 2.62608748399 0.239323339975 3.58580542986 1.81001927957 -0.199158176569 1.15852115619 -0.548371818154 3.41624069384 -0.541994165524 1.116642162 -0.775399764919 -0.37096169947 
1.00016459198 0.0105554494998 -1.05627063784 1.62219177125 -0.208351353861 0.49140386123 1.24254755646 0.546115502832 2.49689841135 0.242288297854 0.406386949976 0.669731523797 -0.278371967138 -0.106053686955 -2.00239851775 -0.141754629427 -0.50732096656 0.081162643773 0.253042749553 0.680355486676 
1.23567995666 -0.0536921306844 -1.26429790051 0.180440242068 -0.991148223669 -1.37360249339 0.619971716979 1.24625259927 0.57597424176 0.398984131222 -0.546797712444 -0.257566990326 -0.951409835174 -0.841528453462 -1.56937911478 1.22543869263 1.13707061896 -0.745235586989 -0.0607261862501 -0.455256707309 
-0.757278720217 1.15791592994 -1.31654028943 -0.181707780745 -0.363486660294 -0.374250244403 1.21651755341 0.599880303192 -1.42570714719 1.51685108349 0.0134940578823 0.127209038163 0.55827570507 0.0635486783424 -1.26418576288 -0.468451539252 0.878963727842 0.739753686024 -0.498453317129 -0.46348004178 
-0.11792021547 0.975397243677 -1.27471815559 -2.017563488 -1.28724379561 -0.237147553614 -0.63647751725 0.523781996474 -0.625721495619 -0.0859392417605 1.3350785179 -0.653112038227 -1.85423300016 -1.04796677602 0.296297341072 -0.6222401891 -0.512133100764 0.616429921754 1.30553970199 -0.0287080378048 
-0.202353412503 -0.670320911095 -0.240529989254 0.0483731678722 -0.144534683603 0.564077731101 0.555028528795 -0.576395911288 0.212919076837 -0.771349939483 1.367408558 -2.25212513873 -0.394689753281 0.720210332618 -0.322307204851 1.16666190153 -0.130948472745 0.614069380618 -1.09940975609 0.564624349996 
1.4056552047 1.40859471909 -0.411669166705 1.30860436167 -0.8418329457 1.99576743884 0.886417735161 -0.122131296211 1.17454705935 -1.49519607949 -1.00296124754 -0.304399784353 1.38212548832 -0.194956809856 -0.710104748946 -0.626158237243 -1.20828119975 0.0721491947995 -0.161266248093 0.183612486419 
0.694597102842 -1.72668664328 -0.485869629643 -0.257430054732 0.996564573541 0.752270919276 -1.27814480431 -0.444322256295 0.108447022656 0.775696905365 -0.794365072356 0.0481162351215 0.0881436001878 0.959421120655 0.966434515931 -0.187546983156 0.664581989605 -1.10318033544 0.484610890922 0.0217265590017 
0.0783032140563 -0.0495177361914 0.030140487012 -0.238183157685 1.81025582938 -0.0370332167221 -0.051332173682 0.0727597601866 -0.556792089535 -0.764526205118 -1.28296801186 -0.901275006891 0.292390360347 -0.378097806835 1.08743429097 -1.18821568641 -1.42704085432 0.381484339138 -0.360759329248 0.163303711591 
0.620695208372 0.669703853631 -0.368007062351 -1.09333289761 -0.55436637021 1.70139348252 0.893883088489 -0.568026759306 -1.45971084177 1.04511927121 -0.80594859252 0.92695833683 0.0325741618236 -0.57710024678 -1.58638043675 -1.72715349109 -0.672921874258 -0.666378275861 0.129256980304 0.0465472246175 
-0.526009985565 0.179174901159 0.315843680889 0.127034577758 -0.447060992103 0.273361068079 -1.07104608235 0.715329354123 -0.0207538360202 -0.766847732045 -0.0312064565507 1.10055829258 -1.34014875009 0.467035058905 -0.30491131093 -0.63897240682 1.37466024681 1.03106496233 -0.647057563555 0.565337207409 
0.734817030365 0.254004339816 0.0850567479112 1.05213178187 -1.01334449092 -1.237287062 -0.839410689699 0.134810227992 0.0117224956836 -1.50287423769 -1.67239365066 -0.142080600349 -0.752535848604 -1.36529009598 0.0664818605858 0.48897035658 -1.18590446131 2.15567621511 0.678072564748 0.731936865481 
-0.45652530392 -0.792772604544 -0.60927282991 -0.0940115014581 0.549261986419 -0.350797633457 0.755543950818 0.396244527792 -0.210183446759 0.48378942312 -1.52782660546 -0.191916424724 -2.06128409578 -0.883277432376 -0.795195696585 0.595952605789 -0.132446715205 1.38077070335 -0.796938249449 -0.0864713388796 
0.527823190639 0.0925421183576 0.193905550508 -0.422576997449 -0.137321969146 -0.0563489125191 -0.669351363882 -0.850422154677 -1.68649771084 -0.780303089825 1.28442978609 -1.17038672981 0.879314629225 0.0842605107926 -1.58923505266 1.75016436633 0.0200670828067 2.45707380901 0.208614413573 -0.865943156793 
2.00641027789 0.159082725192 0.345304472002 2.03117398745 1.09481480398 -1.00500046924 -0.467362429929 0.868887420369 0.903539617515 -0.368045450746 -0.386001932974 1.2820771721 1.05836532116 -1.25607317385 -1.09730657883 -0.983062132897 -1.01044341855 0.364878952388 0.620834982562 0.668454239856 
0.0657270249986 1.01807655063 -0.699460165831 0.0582827152819 0.365950423036 1.35204293128 0.3855398214 0.249221708879 -0.606459349765 0.855535128688 -1.80907239043 1.51338278738 -0.278993718025 1.13566429115 -0.170979665853 -1.44588791933 0.0523660827041 1.52802300439 0.707475658946 0.443288389853 
-0.251934742682 0.185444575981 0.115691494838 -2.56897377456 -1.30405292313 0.748282348438 1.48553022076 0.0879955372778 -1.15797214571 1.07689307916 1.01893775029 0.36884491615 -0.73073805973 1.29975199335 -0.148560413563 0.524901013912 -0.263539649714 -0.956270616603 -1.82737823863 -0.661263593294 
-0.901501556906 1.95732167979 -1.16783535217 1.12176631765 1.74437865626 -0.451004857932 1.11125530819 -1.09213671714 -0.343752964108 -0.535109680095 0.808530992008 0.144201674526 0.944789272842 1.43683493383 0.3932558536 -0.345558265921 -0.430877750904 -1.45954522104 0.343181350143 -0.522580575198 
0.120128383372 0.981014704908 -1.54796514026 0.864060765212 1.01593328713 -0.186180687425 0.93486179445 -0.270990572971 0.738005684516 -1.55754756236 0.241059354125 0.80444489264 -1.07702424941 0.732536860869 0.0297371912204 0.355458176934 -0.342089026203 -0.540705117818 -0.519844088254 0.323952571587 
1.67538048684 -2.77932134745 0.357704763769 2.78926523633 3.04994200518 -0.743031335218 1.99977942026 1.55615756124 2.46179197525 1.04068328147 -1.15747131985 -3.05426048561 1.39930211979 -1.81521311433 1.1239358251 0.496210613718 -1.99996263746 0.99247232958 -1.10315426248 0.539560972655 
1.35450157478 -0.677205123025 -0.0291421913194 -0.885500257617 -0.614867865907 0.388835044515 0.793859367698 0.480947839976 1.00626117378 0.382383333023 1.22188128163 0.747563472435 0.116220523713 -0.938956734739 -0.272100973826 -0.98827949174 0.410046891852 -0.558234228456 1.25369250095 0.0535682990093 
1.12518750935 -1.2969292796 -0.483396207363 -2.85750565786 -4.88289861483 1.79707331456 0.637945171605 -0.530757009582 -0.729202441197 -1.06018516983 -2.43440218302 3.39544563074 -0.641725544195 -0.518191408763 -0.867865466437 -1.62531170693 2.50117306671 -1.49256938474 0.411468757633 -0.592322252523 
0.00360426572627 2.8379530853 -0.185656228408 -0.90102204711 -0.444623641383 -1.19913442598 2.23421464119 -1.13926961945 -1.1862368961 -1.79252931783 0.461364241177 2.25557084801 -0.3447304005 0.640093249869 -0.840244717675 -2.57801319707 1.68196104348 -1.43616945306 0.875067660709 0.637140140887 
0.389383665332 -2.07635929831 1.65328444936 1.97562669773 1.53274220272 0.249510870422 0.259113970825 0.447081208686 1.01369706877 -1.59079877097 -0.140794440123 -0.506743422187 -0.491791941805 -0.292960120447 -2.19721651554 0.568062250441 -0.752559348759 -0.236902914512 1.72078692677 -0.074884347829 
0.209225544225 -3.23075291959 1.36310560871 1.20194800369 3.63248599296 0.531524527629 0.304485567632 -0.361409243798 1.98233275874 -0.33851455251 3.01456474317 -0.089592264126 -1.49329005591 -0.171288374192 -0.547728185816 2.00571934209 -1.48431177224 1.78847367078 1.15315853198 0.4704396239 
0.375136275035 1.87536633547 0.732212549436 0.330368058308 0.725560996497 0.176698883468 1.3024686123 1.07764486284 0.981229811173 0.746199432613 -0.518646998933 -1.01837139826 -0.344204300221 1.09917142173 -0.408899243848 1.08967705599 -0.497987615996 -0.0442552252065 0.408495058368 0.0492663433479 
-0.160134508458 -1.02419938205 1.1392622131 -0.067046594897 0.295236803375 0.174883013488 -0.627059801031 0.88270737921 -0.302790992693 1.49494234381 -1.00371350424 -1.03488095295 0.155929610864 0.150413282273 -1.30016545753 -1.15695655836 -1.8003377012 -0.735216983191 -1.5394008536 0.0421493075645 
-1.14483886581 0.818348227986 1.28083413217 -0.815461377394 0.471447285242 -1.7819150218 0.751619828586 1.19860999929 -1.71496088978 1.81483538292 0.845194850517 -1.0162894421 -1.88724535782 -0.893172775884 -0.295962286204 -2.8785405455 -0.789797300491 0.658597278071 0.418314556438 0.790137947069 
-0.77208794025 -0.155616650832 -0.783142086945 0.42217536534 -0.355306111711 1.39002669121 1.00304384981 0.581167240831 0.505389090636 0.963398068357 -1.8060493571 -0.457522042381 -0.195434319583 -0.195906671853 0.597214012706 0.851517048303 0.112171898027 1.95800499859 1.746505495 0.00765244902359 
0.876950882471 -0.810901798521 0.194396665244 0.468350460327 -1.24086420612 0.985723967696 0.0185920693388 -0.315129314172 0.956138117461 -0.220244982611 -0.0608967401766 -0.39810785133 -0.888411426729 -1.37569268121 0.359390802361 1.45708660222 0.118689018127 1.15571288812 0.326899919048 -0.400535719097 
0.832826660566 1.34499112079 0.656432197706 -0.0718088893124 -1.15095383757 0.731267665212 0.380348020475 -0.0769049803719 -0.419741777692 0.838652589858 -0.600959944508 0.364374244429 -0.695659200602 -0.314961461009 -0.502678742138 -0.676293582745 0.662205147127 1.51716208655 -0.365351363728 0.447331075383 
0.750996890598 -0.709429952267 0.109730885977 0.302607208052 0.346393506616 -0.775275278853 -0.0118101140613 -1.82399614737 0.0882977055936 -0.283471091712 0.0321247147056 0.425589802564 0.318820501276 -0.729713711834 -0.091580354534 0.59722171636 -0.367924491581 -0.720806678837 -1.28461027442 -0.127048174326 
1.08560425614 -1.86247498435 0.840780365539 -0.384824756212 0.755298469301 0.116213727669 0.244119964758 0.789000992662 -0.289828038438 -1.31107866283 0.589301376578 -1.62786963454 1.06243842682 -0.240148910211 -0.101083947895 0.428049765085 -0.109663546084 0.841339306715 0.506756548739 -0.0921603530709 
0.257731185618 1.30432558984 1.4244413518 -0.963837533833 0.817785749139 1.66980543353 0.415700174086 0.796878850831 -2.0264147258 -0.122302732531 0.76349024532 0.722607110582 2.02450086666 0.551652339917 1.38945077686 -0.513652679871 -2.99584182048 0.783269088794 -0.820230823079 -0.31224114971 
-1.1427309787 1.49798763158 -0.428312107037 -0.0986060158021 -0.957147066082 0.328151419886 0.994842069712 -0.107334410242 -0.0551204715675 0.938911072336 -0.257985613393 -0.621067486519 -0.298937804984 0.098771118726 -0.155763467858 -0.159693685278 0.0775455644724 -1.19655447623 -0.787533058824 0.390934902844 
0.544554050964 0.707009907817 1.3498363919 0.934949292225 -0.0786421230014 0.475012635745 -0.54100146232 0.267653529883 0.895537511121 1.44393579852 -0.0257662964504 -0.235704796187 1.04001101539 -0.905757504606 -0.914576194979 -1.84148514608 -1.33513607317 -0.905074566833 -1.03394936158 -0.938260448251 
1.54916589989 2.09475976217 0.427468600138 -0.0316625205195 0.414600707439 1.8814369583 0.568309774089 0.133648282716 -0.44610410926 1.38015974099 -0.297144942941 -0.942583376662 0.0681306446771 1.48491314499 0.381928425053 0.0413899806609 -0.686892062277 -0.61416135824 -0.0822281386618 0.672666159794 
-0.178217753798 1.41600746233 -1.91116221602 -0.122062563773 -0.922700469817 0.374500189519 1.43956552656 0.391254798436 -1.15501840364 -0.198910742239 -1.33614622746 -0.355628674937 -0.877220828339 -1.98439678818 -0.830462846783 0.244658913686 -0.00127031939065 0.904233118052 -0.0499010190738 0.506941604027 
-0.440723424374 0.687521227843 -0.840478163901 0.988179768213 -0.425961065613 0.645929744165 -1.11930327669 -0.162100758048 0.092441856396 0.0981325364236 0.861971980649 -0.232976789255 -2.09341859511 -0.77754394173 -2.1663936144 -0.78267779552 -0.717955638633 0.220246775581 0.561605928251 0.812617145683 
0.693067421511 0.694985427749 0.0597168449878 -0.178208162195 1.5779840434 2.21379300728 0.321478141762 1.89056163121 0.144872463572 0.0352461745147 -2.29845790469 -1.15365244421 -2.83369577118 2.0329691086 0.635419242361 1.38963024992 0.628760475358 0.110201587239 1.22119107179 -0.292365025312 
-1.45054629427 -0.42954350232 0.138477382499 -2.18581975309 0.593609371718 -0.263095969213 0.800993914653 0.183670308073 0.481088132086 -0.136900851108 -0.623663227232 0.789550957214 0.102844842698 -0.0533007639576 -0.362906472728 -0.369503090306 0.907782120666 0.200281477176 -3.29160523109 -1.09372386878 
1.26589911726 -0.0196482253631 -0.13603677018 -0.278467517541 -0.313012095149 -0.162708822884 1.03359892814 -1.93087802277 1.50761658752 0.157998300676 1.09996239713 0.917429804707 -0.185077453386 -0.329583303101 -0.504890787749 -1.24120339791 0.111187738938 -1.76632653028 0.212677555973 0.474960008925 
-0.0570437537046 -0.65755106215 1.46894585024 0.55929246461 0.594105667013 0.141439072538 0.568597452516 -2.73773342638 0.583977723692 -0.885118209105 1.22534862702 0.0753122235407 0.844479973805 2.38492938896 0.678335559423 1.3582166941 -1.41957152571 -0.115462994564 -1.82314000324 -0.231576059397 
-1.61765507376 -1.89960744884 0.077769184355 2.80918292257 1.90537790084 -0.876655196522 0.650405707942 2.08879160995 -0.774709972718 1.32853052238 0.729172728149 -3.30040793581 -0.46649564866 -1.64767801767 -1.15302304701 0.915622210612 -0.0435890877965 -0.668472467145 -0.755636666903 0.616531446764 
-0.0993075824488 0.824752242725 -1.22611021562 0.66458503028 0.97790245073 -0.0958124910855 0.539218098078 1.25116296772 -0.681231257736 0.198118461935 -0.48308231266 -0.485920575177 -0.47603573114 -0.692119660041 -0.670390698795 -0.5659993308 0.892140361944 -0.445517046559 2.73905921338 -0.284579781077 
0.130594757961 0.923186981737 1.47990778272 -2.49426538109 -4.35828098017 0.623695597422 0.324576343322 1.05940845602 -1.39132758303 -0.274316893728 -1.31806298904 1.60113388705 0.116735399477 0.88733600059 -2.26018179147 -2.26381650862 1.21905484693 -1.03049356837 1.86188856023 -0.356696341934 
1.74583193193 -0.103643656256 2.99192890114 -0.694811377935 -0.498111137824 0.702395821397 -0.570531498171 -1.42476978215 -1.7602358042 -1.66895115939 -0.925970690764 1.06834585954 0.991497985094 1.7045868395 0.87136441999 -4.1705573043 -0.33129470325 -0.443961503928 1.20447103692 0.0637630801219 
-0.422732449409 -0.84621213462 1.65234738595 0.905700976446 0.574012094671 1.14893679541 -0.73194547175 1.96808698308 -0.195326976223 -2.07628135136 -2.85633508048 -1.6336418743 0.3032697944 -0.901432988531 1.50334451128 -0.00502278205575 -1.16706289894 1.25602406826 0.13906928126 0.238125109565 
-0.237096967918 -3.11481391131 3.02512608459 1.91986122246 2.21199486672 1.15843057912 0.0510948982214 -0.685214302111 1.19410179486 -0.377466944313 1.59262839856 -0.9835872934 -0.255496664741 -0.373659548258 0.263563934708 3.18955257407 -2.18365137328 0.0354405578083 0.360618255308 -0.331361152216 
0.712053784676 0.138406477447 0.319362444872 -0.309489989125 -0.217432650959 -0.786779021348 -1.01121516364 -0.988396748758 0.35734364807 1.06064961473 0.0928167630994 -0.947273336219 2.16032049739 1.3002006441 -1.44547029597 2.31966760616 -0.330140827432 -0.239762427082 0.146702301577 -0.0568946573261 
-1.00244829628 0.381090381688 1.2829055998 -1.8997770754 -0.345351445692 0.892730965184 -0.303963439379 -0.0379853962714 1.1574803274 1.13132914072 -0.351768047409 -2.31915026269 1.26410385522 0.153769456044 -0.246289617372 1.90017837389 0.877201864401 -0.539523888459 0.173744074738 0.345026817085 
-2.03432152157 0.721544796892 0.774985145436 -1.59297915556 -0.856699763222 -0.230483982589 -1.0302974638 -0.280967551947 -1.39297838671 1.65817152385 2.48916258194 0.564942236246 1.10779616328 -1.46097774377 -0.0301965990886 -0.495512445507 1.51354434282 0.787866877027 -0.308647216538 -0.162189846279 
0.984333216372 0.415527401864 -0.36050713494 0.163374395526 -1.10313452057 -0.449971252402 0.326616688264 -0.890528159967 0.790205965163 -1.16030230732 -0.76907655922 0.850662983508 -0.725225447522 0.392143012325 0.341134201933 -1.13076115528 0.178737690571 0.838423802838 1.60585048213 0.0556850781334 
0.130352338299 -0.419199494738 0.757685349777 -0.921705562753 -1.17936648724 0.460007073299 -0.744135629288 -1.24806851693 -0.914776035293 -0.825344564395 0.672314073772 0.149778356759 -0.215161192122 -0.295266585856 0.360967045825 -0.175629306986 0.448959567195 -0.436307392865 -0.211852291453 0.254737569089 
1.74071317364 1.19409215858 1.50131667944 1.30058373751 -0.633831005417 0.200335586324 -0.534511131014 0.441083513303 1.68778758408 -2.34535124105 -0.0281830064407 0.810261467742 0.0399531742032 -0.941906105948 -0.512605675167 -1.07616328153 -1.39909262697 0.861663235084 -1.44833912062 -0.558831136341 
0.509194632973 -1.51079207596 -1.06861615669 0.736289569244 0.829760513972 -1.06412435182 0.180323693984 -0.983202121106 -0.439456320553 -0.108114611903 1.2146165192 0.603156196758 2.37450082109 1.41809629853 -0.204441770219 -0.347323559982 0.417779431256 0.511783872439 0.748598634613 0.216690669728 
-0.176298411924 0.0262916676316 1.14133328892 -1.45043381499 -0.556095400803 -0.759365292668 -0.612687738265 0.349203527351 -1.8386427766 -1.29368388216 -0.61028656454 -0.551535192037 -0.900267805421 0.254464551969 -0.707331607178 0.343409163163 0.926723378822 0.819414418965 -0.387282588633 -0.562115196349 
1.21969557841 -1.17860719792 1.25386402782 0.706614428839 1.23200450601 -0.376864869902 1.53332420098 0.522636933798 -0.271510292558 -0.15050620317 0.272973289121 -0.74638094345 -2.27120002785 0.919433706745 -0.570706558159 -0.880836763259 -1.82071219842 1.2375998777 -0.564108893512 0.229671989018 
-1.25588132549 0.416285946489 0.838728216918 0.242143120339 -0.98817942568 -1.13419323764 0.0133401207558 0.460796655602 0.187689216705 -0.0809334049776 2.32972008093 0.474278062452 0.621494622441 -0.0131172323228 -0.749599349605 0.389360433763 1.36273561798 0.575998174683 1.04587708932 0.445753331403 
-1.09674322614 1.74392987549 1.44055976296 0.651529551244 -1.69864019745 -0.842468758602 0.747314324417 1.80570720594 0.127695892815 0.0918158175829 -1.04909820539 -0.964340323775 -0.247071338498 0.721981680772 -0.539628594136 -0.87097516654 0.572569145791 -0.169698326867 1.26324634815 -0.825237599121 
-0.203356553562 1.0529978622 0.973465376297 0.444568015922 0.671994157244 -1.76740067848 0.445006638038 -0.117632355763 1.17653193615 0.957686875303 -1.09448227215 -0.284745054036 -1.81526932769 -0.312676357216 -0.639167587264 -0.667576115807 0.381226929373 0.372347973397 -0.230239270169 0.424959903722 
0.0196904614314 0.227882530635 0.844736613951 -0.301127347609 0.628090605175 0.616896865186 0.12917562286 -0.625773664393 -0.068236883512 -1.18686454157 0.326654271763 0.975933962041 -0.252076401044 -0.680905509991 1.67803398711 0.0901457786472 -1.15048210086 2.45244949095 0.206569105177 0.656447989882 
0.701258380035 0.173573355884 1.06892279186 -0.522088132636 0.168104030068 0.556686356509 0.724660774387 0.505099889209 -0.274692873666 0.877209224477 1.24137584385 0.797933036881 0.402252147863 0.313367195215 -0.208465855566 -1.21131591543 0.289727580977 -0.400927396735 -0.878647786612 -1.12136234171 
0.408775969924 -1.67153771581 1.44206213909 0.398965272724 0.427760431411 -0.603137734864 0.414544858176 -0.320185558534 -0.297691486606 0.639724638961 -0.942659879424 -1.18929186267 0.00515607788344 0.417541330556 -0.199162653811 0.773431050571 0.992482041452 1.90395813229 0.228724790894 0.622518754832 
0.303043497571 2.78333606177 1.06705479623 -1.23037671716 0.616654530982 -0.846852647373 -0.533521731017 -0.056506806025 0.412961851266 1.24174339871 -0.606523960855 1.66507693852 0.195381479594 0.785620203999 1.15327255274 0.0093862002743 0.34225638586 -0.349224212238 -2.01381864261 0.299709617873 
0.226451838338 1.403144116 2.37398579673 0.303054984426 1.2484037101 -0.0961216015444 -1.34154836236 -0.273251320108 0.348200977623 0.154505615849 2.78684069963 -0.757922991604 0.284297106104 0.958086911716 -0.922968842005 -0.714767539824 2.25578614124 -0.0944324833227 0.423391289404 -0.62429484854 
1.03941100811 1.8435351072 1.35507057427 1.84455238411 0.105982482079 -0.230137308042 -0.0143539209236 -1.29718431096 1.06967961862 -0.683797125322 -1.57970911796 -1.7919572215 1.97131272731 0.325770957353 -0.31444987961 -1.68264928545 -0.968597954278 -0.770611428299 -0.350625234986 0.237122040554 
0.275962608873 -2.57698888257 2.50893757474 1.88348131416 2.26987015824 0.127003163827 1.5963939033 1.28802259724 0.935406491634 -0.195550492991 -0.496719738227 -2.04965895505 0.194023600265 -2.3574203761 2.48109605392 0.554791539498 -0.900494290964 -0.755928807312 -1.51065346784 0.312357825114 
-0.0262190197686 -0.699906489212 2.20689467859 -0.85844872023 -1.27892727857 0.867646051192 0.89245921994 1.53277684247 -2.24666143017 -0.585601999042 -0.0136841817672 -0.16374900354 -0.416732896286 -1.06401644073 1.79275806054 -0.842946763951 0.81411480966 -2.92989202631 1.26148884794 -0.473296375501 
-0.153255119308 -0.850015542526 1.80588245724 -3.01314807542 -4.24619517687 0.904914037751 0.123632198114 -0.2931545654 -1.81167179263 0.133165840884 -3.52482971547 0.981768049712 -0.603945739664 -0.379920171078 1.49463034218 -0.965330167545 1.22403809087 -2.90514621732 0.989969081604 0.407216161659 
0.276984711481 2.48455144176 1.03956405065 -2.55860455723 -0.837130212283 -1.64312912114 -0.0926732562939 -0.192523548051 -2.71771416229 -1.91154217759 -1.46080593732 0.193276880799 -0.360106445254 1.71355319518 0.915953026655 -2.42555924109 1.58005564062 -0.203416235849 1.31912212988 -0.526388979741 
-1.25639214625 -1.02912899901 0.811001213789 0.832663142158 0.199848562819 0.390164976717 0.936962502399 0.802094142358 0.246186942554 -0.299949563191 -2.07429670949 -0.198689710337 0.192654742778 -0.374988415322 1.07679984669 0.0682199992205 0.186923547025 -0.574732484335 -0.943922579988 1.283626645 
-0.0317395429835 -2.24938375144 0.0974550063823 0.0482924932383 2.13093231293 1.37611723362 0.108751170954 -1.52455987 1.88197778687 -1.27976958101 3.58903026253 -1.79234797778 -1.59081744855 0.443487041225 0.729063734373 2.82211032299 -1.42219320106 1.0067160742 -0.863534765426 -0.459458948157 
2.00393397279 -0.410992912775 1.59357285171 1.68294070832 -0.266188376771 0.695650675191 0.110799120503 -0.230393956669 0.0682222217529 1.65782082015 0.42531702919 1.49915082349 -0.679742861916 1.06439853539 -0.094577620868 -0.107084934572 -2.15450784716 -0.0767355873554 -0.72077903857 0.00360910924062 
-1.26499394097 0.184938214098 -0.123545389412 0.632747804383 0.975501922974 -1.04630034741 0.752774853718 0.812665788034 0.91184343668 1.47289744487 0.0344259324234 0.705495193939 1.09734975004 -0.122483312266 0.848465460375 -0.209764182181 -1.33648804656 -0.545798366521 0.424051414186 -0.926720287757 
-0.0722767938758 2.01639138836 -0.293536642919 -0.595338337794 0.229383043016 0.477504105219 -0.720353141606 -0.211552891185 -0.485843018894 2.02260127901 2.88260897334 1.002078344 0.0274557398659 -1.74453047217 0.139811735821 0.288679481405 -0.140547314 0.988021174629 0.725545446186 0.199149076803 
-0.146437921961 -0.136729033264 1.78016685754 1.40922439857 0.00370660507802 -0.148422916468 -0.771460902019 1.31870544512 0.472079133984 0.764504584098 -0.852105910727 0.138640472822 -0.569100655198 -0.75142141591 1.42466285108 -1.18344217279 -1.27714583409 0.5140262316 1.84864735973 -0.199703856919 
-0.636007858004 0.853642954338 0.825607051514 -0.996036427165 -0.00809065065996 -0.675575372766 -0.932947201657 0.272811184546 -3.10012368194 -0.7026739782 -0.115134510375 0.402635950572 -1.43187132544 -0.887046769126 0.745843361323 2.04456188305 0.969992556985 0.292244614748 1.19306208742 -0.180950238847 
-0.386219738726 0.167817594331 2.37024182987 0.609779126353 0.692604480317 -0.592006582367 -1.00119551407 0.023062430547 -0.863891346379 0.149467712488 2.15662394588 -1.73838021507 -0.210620577611 -1.05530137445 0.776960130439 1.46653575974 -3.56478364144 1.30184074035 0.0728148504043 0.93070055265 
0.965257336311 -0.522005007189 -0.31490587861 -0.942078431714 -0.582671541049 2.33353194854 -0.582429319991 -0.0852570134608 0.0286741812624 -0.0217895851463 -0.102628478467 -1.33232612921 -0.145570476173 0.218756044391 -0.583037280839 0.524525392541 0.285586002275 0.318267581332 -1.26718001419 -0.0879281049954 
-0.553362291149 1.53180006323 0.31009307447 -0.32819708361 -0.807553823607 0.100104601171 -0.445989194566 -0.520637794413 -0.39119221135 -0.78657329722 -1.36442741197 -0.93380773414 0.890453326454 -0.34812106482 0.550883347364 -0.338390980813 -0.127129676508 0.717074003842 0.399438648947 0.793772012026 
-1.24482340491 0.675160481128 -0.463462477936 1.47146503035 -0.187829181687 0.663388977543 -0.15745721816 1.54747067584 0.64927419878 -1.52833699079 -0.55053361351 0.483491190756 0.601476784532 0.026594256511 -0.227770835545 0.0529166631916 -0.0958118898283 -0.524714041536 0.783537234861 -0.256443924822 
-0.0901214086662 -1.20698944657 -0.0285271358932 -0.274832019995 0.288962593831 0.238264487785 -0.232133557386 -0.141073234597 0.984645563198 -0.517539816931 -1.1596065456 -0.758153815914 -0.865279840045 -0.760119118301 -0.846426036209 1.06745965046 0.285030904785 -1.33106265795 -0.127563442184 -0.575409554737 
-0.475219267543 0.0733332476271 -0.889216546639 0.136607687108 1.31282572148 -0.497853393316 0.427160942199 1.38872312703 -0.653911892197 -0.157231717548 -0.728989811921 0.179924307028 -0.171644864 -0.596811607466 -0.559066677206 -1.01684901438 -0.163718319779 -0.274601419568 0.521641130702 0.675213429295 
-1.34486658172 -1.60447659269 0.19440306937 1.29980896321 2.60951469388 -0.670608470949 -1.14324531558 -1.00362638965 0.499368298279 -0.18974974794 -0.88518211839 0.208860092783 -0.842593736018 -0.396721978352 0.846095126517 0.748031827057 1.13715410787 0.22837044304 -1.04835433747 -0.0724274481511 
1.64044344783 0.620788358553 -0.311902877884 -0.466185395731 0.305456175761 1.32227119447 0.235191775978 -0.672734327412 1.28388463939 0.486469697378 -0.651112987632 -0.551011107172 0.0952767996806 0.0911063138085 -0.248825248908 -0.256854819854 -2.08549173757 0.627691194915 -0.718578661719 -0.401394017718 
0.0917954248381 0.618758102248 0.0633450300911 0.254606590638 -0.976829576518 1.04022134947 0.688137422951 0.782976027217 0.190794709216 1.09413233835 0.456463414024 0.112433862092 1.15697758872 1.21895990681 0.316332647738 -1.83772938659 1.3549742283 -0.400625807478 -0.488508810346 0.296071254303 
-0.749598197033 -0.197242650313 1.57055958483 -0.255457948756 0.208310995686 -1.91726804429 -0.965829453687 -0.198451305492 -1.51746252506 -0.533388330992 -0.520094329378 0.526922521118 -0.481610142214 1.300851 0.871819412676 -0.906287292542 0.608433878463 0.282706953479 0.371491057716 -0.0543848925267 
-0.4216080108 1.0271720266 -1.61773030768 -2.77424452113 -0.917885831071 0.906387623109 -0.364746329193 0.044879882573 -1.37371678212 0.975695743374 0.969601594249 -0.559104827812 -1.25089326108 -0.412245415123 0.042093934181 0.0125941327479 -0.145251689736 -1.17896409476 -0.104438274753 0.469937029059 
1.10783010196 -0.240495168984 -0.706121672983 -0.422649243895 0.0323519993144 0.728426557812 -0.853748784563 0.341449766558 0.0123883142427 -0.208975461928 1.838897497 -0.0228404251177 -0.0676542096137 0.399538807253 0.535480530983 1.20034420158 0.209649711058 0.50157050207 0.752040376531 0.0830085010635 
1.29317143672 0.0228387112983 -1.07990642327 2.3962729868 0.805623529203 -1.056971575 -0.519611134032 0.342256777192 -0.179421588052 -1.96462620167 -0.791768088095 -0.0580973812681 -0.0409950024865 1.30903038611 0.892562697392 0.242706910372 -0.278610687194 0.905550746233 0.835299174048 0.187985642729 
0.0605281252417 -2.08250347147 -0.792584772896 3.21203839926 3.34719834507 0.995797976618 -0.480477494612 1.13382284675 1.69331422896 0.766480602667 1.60979666413 -0.744335705512 0.880830517335 -2.84125082382 0.287058637256 0.763130845526 -1.58934718214 0.571634458687 -1.75676585552 0.723055089242 
-1.34618560285 -0.0355991881293 -1.14513437644 0.029620603278 -0.49071669272 1.03394647648 -0.231705647883 -0.633246510257 -0.758752414279 -0.31556575604 0.264834870998 1.65962832827 0.750948993815 -1.33511693336 0.447866311267 -0.25453158117 1.65606953683 0.118891164652 0.350224204727 -0.328608915341 
0.889570534774 -0.829786231184 0.0492308399563 -3.03040156173 -4.20037751169 -0.229149086687 -1.61690945447 -0.29485568127 -1.41661870981 -0.387538548054 -2.42209559489 2.82093853653 -2.73788017782 1.23972693972 1.16465551376 1.03783859035 3.82221054172 -0.531618467066 0.00307138202166 -0.106119681127 
0.100957061431 1.87261517538 0.375634099683 -0.922935693797 -0.877330681511 -0.167565245741 1.86286408812 0.198689845963 -0.700173800484 -2.28494568854 -0.128874336999 1.38496264961 -0.495340813437 2.949483624 1.67137283754 -2.87727961048 2.42979836814 -0.315028839054 1.48238884382 -0.203144222224 
1.13562922208 -1.45325283006 0.96399912905 1.11944249732 -0.673037088344 -1.38186962506 -0.0176858033497 -1.26559711082 0.767407446856 -1.32148632578 -0.901692219025 -0.276373738953 -0.241035515305 0.459401650315 1.02709134637 -1.16424508794 -0.245710259767 -0.423530321329 0.712107547454 0.37284099859 
1.52664042356 -3.3456486096 0.115681599547 -0.733526085186 1.17697509333 -2.36333674191 -0.509559584901 -0.390590719739 3.725894291 0.750460546823 4.27559586046 -1.21558294336 -3.17829785406 -0.176151244975 1.3974211257 5.00168224022 -0.76283777063 -0.406412970361 -0.277688010474 -1.04394718525 
-1.50877417513 -0.703072823138 0.830987563834 0.0281142806859 -0.137579011102 0.386296229923 0.165948077854 -0.568879319394 -0.0524778242688 -1.67518626994 -0.544230060055 -2.44448100279 -1.16134498354 -0.575785315976 1.23825789275 2.00986180089 0.623945956591 -0.88178934739 1.40599517258 1.15880944151 
-0.561969838369 -0.648973426353 0.312299853934 0.395050740133 -0.743019138975 1.16556376525 0.2387981934 0.564507319484 -0.169494774194 -0.533765299981 -1.15563297192 1.2345225158 0.431879009332 -0.259922909053 1.61443717848 -0.999697270502 -0.93037173686 -0.306475421091 0.319571025841 0.448298533654 
0.486855986841 1.12533446161 -1.42166583973 0.425428470436 -0.13480946034 -0.29733671186 -1.45814443279 -0.297830930107 0.416398679824 -0.56332754677 1.26327952671 0.745953518926 -2.20031652194 -1.28128064603 1.85366565927 0.00148300705396 -0.0856657859054 -1.2191646073 -0.463511776173 -0.170435596323 
0.722587835834 0.181822420086 0.86096737878 -0.145806288214 1.89791572633 -0.236803067115 0.889980734541 -0.0321190726142 0.340261830689 -1.09270692023 -0.578162776361 -0.0662613247335 -0.200769258674 -1.50125296883 -0.43681481944 1.2433098986 0.0927356483793 -0.941459956348 0.144237942453 -0.45437910243 
0.36634291246 0.449411853674 -0.511740096191 0.412969654855 -0.931035343973 0.56764839011 -0.197778933985 -0.35843295489 -0.0249275500447 -0.810569244256 -0.954825650722 0.761487606264 1.23434397369 0.0883893690359 0.929616522724 1.65319575982 0.779939971883 -0.152288594893 0.566062326214 -0.0861041299979 
1.62265989963 -0.337015364254 0.830534963506 -0.38406339238 -1.00452478839 0.18294343796 -1.17780678143 0.978010473695 0.110816251717 0.287141751014 0.0149913529658 0.782543094111 -0.242367164348 0.602291640683 1.03205966609 -2.24866291616 0.342443705235 -1.18014210973 -1.10558969017 0.592311834364 
-0.10226481785 -1.64274740911 1.70186370646 -0.470315611759 -0.232532867016 1.14955911965 1.63679180501 1.05291732045 -0.0046107277483 0.512570806766 -0.497108270898 0.568045615281 -1.15991278189 0.610524944089 0.624798817317 1.96059656693 0.0783858419551 1.58851960547 1.06992880979 0.430011265135 
-0.406034485865 0.669868252118 0.105219879409 0.46287253485 0.267626659863 0.683411156682 0.0319573613171 -0.686350073587 -0.845580891896 0.501096107095 -0.929718187544 -2.65424793808 0.826042311176 -1.13175349565 0.395841557238 0.286761722061 0.992254505054 1.36598880152 0.431926725196 -0.219259388513 
0.949584513435 0.761315648061 1.09399695734 0.720790028326 -1.2285935123 0.124677419983 -1.14847345323 0.329932546641 0.573064181806 1.2483649139 -0.808287602755 -0.0115164232377 -0.676059773446 -0.490969741372 1.14522236293 -3.06873046936 0.0626700758212 0.713326960025 0.179200067406 -0.135612745725 
-0.98616492196 0.0392446457091 2.36492958737 -2.14212964507 1.76054389803 0.0424087250752 1.25002266689 -0.436333483707 -0.0672469882619 -0.0278119049415 1.51239853977 0.0678681052288 -0.972567918304 0.124821373103 0.302211259197 1.31997220228 -0.758968148231 -0.708390243745 0.751097350682 0.145969375328 
1.08192612655 1.59481488856 0.0151112875564 -1.43647251165 0.0459269121902 0.411393667117 -0.0932053618848 0.54986450194 -0.80789698821 -0.188094775107 0.999278781453 1.35846496932 0.93022513596 0.0576147350814 1.76723424693 -0.616146537612 0.413578758652 -0.767379584042 -1.35326536935 -0.620777129534 
2.74515960715 0.133753742253 1.35515662038 -0.00992022565354 0.33249092545 -1.37146721974 -2.29834273974 -0.128007830496 1.28771213167 1.07662475469 0.102778734752 1.39524218162 0.907551038723 -1.5704143309 2.32285802807 -0.337792169765 -0.667250769429 -0.525105200952 -0.824369583989 0.824792041849 
-0.587127674037 2.12886304967 -0.788817083814 0.00536655634422 -0.114389850032 -0.0557001265125 0.241004801883 -0.597904703964 0.537168053459 0.208459552208 -0.178516191175 -3.27612630392 0.711503263405 -0.347367608554 -0.661605629648 0.527366034167 0.538502506743 1.9915826992 0.553490679564 0.122456887788 
-0.226972122533 0.255662363366 0.898676542218 0.928426038953 -0.460984021252 0.29162002774 -0.503360377381 -0.444766082374 -0.389343913551 -0.329694873337 1.60521431213 -0.127068556234 0.389751456775 0.2876543383 -0.377957770545 -0.413345320917 1.28546575858 -0.652446970842 -0.987710129578 0.0256205241356 
2.94902316396 -0.538316651719 1.59395374377 0.355888362669 -0.788679137281 -1.51201180411 -1.48556367491 -0.362442922785 -0.160811073365 -0.472260104151 -0.158186795646 1.90222394264 0.735779983216 0.370485114455 0.785457555508 0.121505706416 0.662139418988 1.39130970773 0.233574083983 -0.00931647920661 
-2.49229709466 2.30976593028 0.516448270514 -1.37502167999 0.136756351622 0.416735462057 0.187003832351 0.537532531399 -0.691452382739 1.42923935678 -0.195324056499 0.237548535908 -1.04662631535 0.358677045965 -0.47909711603 1.00278356232 1.88585974317 -1.02887433751 -1.41980274167 0.98650512089 
0.0558719216988 0.69636489733 1.00844469288 2.92180655569 0.80126149792 0.525893868968 0.18330534965 -0.0503157353711 0.152156410407 1.24178441922 -0.20299773162 0.154661051655 -0.204891605334 -0.924840429683 0.432605821932 -0.473654767827 -0.252109530285 -0.25578244039 0.306562519146 0.280699121414 
0.782463122764 -0.955191204828 1.13200987305 0.535969760058 1.10256979236 -1.82178762556 -1.29699121682 0.322707287764 2.176041268 -0.209698601608 -2.64252323739 -0.307003236952 -1.12736827366 1.39607923401 -0.293266421025 -0.405474723804 1.32600016199 0.247636084219 1.27603489064 -0.74231589664 
-0.754529795448 -0.863515047937 1.03790317512 3.30319989086 1.87315006546 0.0223598981942 1.70789387565 1.65879728444 -0.334317147143 1.61034868926 1.20643429801 0.0209162021122 0.137478097815 -2.0341569298 -0.0833545171141 0.40689109068 -2.13124298996 -0.684413654943 -1.67042190919 -0.0574716251429 
-0.659562078712 -0.84749706335 0.59244207008 1.08426987101 0.0266661438185 0.300935258831 0.456161849742 -0.743672374166 0.11952153996 -0.144254805442 -1.2863191394 -0.578033239922 0.902125982107 0.156457842116 0.922078972223 -1.29435517773 -0.55883711467 0.631797668363 0.257989521405 -0.728377625366 
1.51222698535 0.218621736956 0.961926843698 -1.77757301849 -3.156290044 -0.480081753484 -0.938403230904 0.0172254378429 -0.525781449812 -1.09501308686 -2.76329511472 1.38745543289 -1.607849912 0.512964124759 0.0449986579383 -0.454583427736 2.52117987491 -0.98841570321 0.511533300134 0.579800687009 
-0.958862227421 1.97751552419 -1.17132492062 -0.322285909193 -2.29932410428 2.17505502362 2.14608738517 1.22578176804 1.27369093657 -1.32740242831 -0.995315660451 2.62870816531 4.38660644756 1.97768586676 -2.0693575734 -6.5058880151 -1.78787183826 -0.706561788227 1.75296415439 -0.603187426436 
0.0312183978359 -1.78347878659 -1.06128526547 2.11742979189 1.06256454426 1.02275032138 0.454331234354 -0.883655058804 -0.284179620754 0.319999149409 -0.683425395006 -0.172870611077 -2.12191547593 2.45019807642 -2.20499968458 0.679645626179 -0.746565326104 -0.0878432616443 0.858390877765 -0.427282049848 
-1.40822182968 -1.33804742611 -2.39056686821 -1.56238373337 4.58641177123 -3.91848662252 1.8423839924 0.0673001533312 -0.270600064095 -0.772431393985 4.10602406074 -4.13665976586 -4.23076359425 0.482686037969 -0.0496194191923 8.91905315045 -0.360417125403 0.894427290193 -1.28410796586 -0.0177603766185 
-1.27767910482 0.589298262046 -1.12111045006 0.832627769946 -0.650202389022 1.26758479686 -0.0410905668273 -0.798069135951 -0.223873686591 -2.93093722764 0.865126937239 -0.819986332748 1.83734898998 1.53510010012 -1.65615731674 -3.15860974985 -1.17131290662 -1.48773263417 1.5231644634 0.179066389577 
1.29241490917 -0.3541843545 0.049245351223 -0.972434062191 -1.40607447082 1.52601135662 0.139434204082 -0.116137153693 0.0120769650997 -0.877909982019 0.311485420699 -0.0119606652077 -0.539378290565 0.399133961409 -1.11202264236 -1.71164372211 -0.0605788660864 -0.188587286798 1.16890140686 0.196925642046 
0.583276175369 1.88908996775 -2.20843646585 -3.27964590523 1.43883944799 -3.88009626847 -0.129189284541 1.48147607022 -0.962897872862 -0.5519824677 1.75155703936 -1.14499022714 -2.31702748079 -2.37933969637 -1.06925389114 2.71886682112 0.136939995158 -0.0868665066427 -0.242529234734 -0.691809024425 
-0.500795002094 -0.125575171815 -0.260906167762 1.81830065981 -2.30213925667 1.99150077986 1.05254716954 1.08053832642 -0.104948841935 -0.869076446701 0.389176787855 0.677236131381 2.25538346124 -0.162405522157 -2.89079944482 -4.24171398218 -1.01756687513 0.62726364231 -0.627980631227 0.0416869811762 
0.0429859381828 -0.318191883948 -1.46131154616 -0.456032650049 -0.551186424201 0.360896450102 -0.746293088687 -1.52379346494 -0.33876644285 -0.336130198904 -0.233014201044 -2.13605860287 0.105270184784 -0.75853697667 -1.33478308642 0.90882730278 0.757057549873 0.654041824214 -0.817428083775 0.494928330398 
0.27701720089 0.896494410751 -1.58273968773 -2.75619036177 1.97513234232 -4.56506092716 1.27578254303 -0.267665376469 0.351422699185 -1.82174911664 0.539421439343 -2.14727158536 -1.82584534725 -2.86223857845 0.0526561727995 4.3257332459 0.25773573209 0.00645420147232 0.37843476802 -0.207530425448 
-0.367897281099 -2.58285069955 0.0313523895798 3.79220444196 -0.815257590185 0.0026127801488 -0.214574542623 1.33268767902 0.531261496284 0.438659464325 -1.70014482768 3.58846702683 1.15398986107 0.523710209894 -2.22355908211 -0.989709813496 0.303161157026 2.00931088974 -0.688644607006 0.782952385557 
-0.405121325586 -0.132560732876 -1.29709789761 1.16390264837 1.14694484517 -0.381773333742 -0.926427065009 -0.444091846327 -1.0677910283 -0.917313735718 -1.02816102723 -0.868997967643 -0.865981411825 -0.0714923169561 -1.40703077088 -0.588661666681 2.06492418141 1.73809840567 -0.653533187179 0.128185534436 
-0.18057525404 0.88375360729 -1.89320367791 -3.33073981245 0.534026538106 -5.5482956973 0.192667510893 -0.00252068866378 -0.0557367441684 -0.837162059294 -0.154393251881 0.000772864143725 -3.50149394373 -0.376325396499 -0.217549097978 3.01666471827 2.04496931282 3.00670849414 -1.22245472325 -0.199107312123 
-2.02593108237 -0.698682777278 -0.730911133333 3.93771007376 -0.640703596993 0.837027318766 1.00368012267 0.126186757474 0.726627383077 0.311879787061 1.36730925847 -0.407255955425 1.71012555626 -0.517387610879 -1.65297898372 -1.63611715738 -3.17141564144 1.30259260391 0.229773186016 -0.0295710900038 
-1.36842547464 0.653847149628 -2.0227866212 -0.365131922813 0.234247979614 2.10651280402 -0.373051593343 1.78547073247 -0.740827185155 0.664904342755 0.917238576963 -2.29021865845 -0.547260390989 0.663272619277 -0.639925145988 -0.0741248011175 -0.000114208962942 0.68527126348 0.228734104046 0.0705994667859 
-1.26068524402 1.29427588598 -2.68777725506 -2.23369852487 0.870065522761 -2.44472210739 0.0661655291381 1.0383032524 -1.5196742206 1.07461741696 0.26344810334 -1.19680057015 -1.38850487927 1.03057886194 -0.0206664993108 1.07730965933 1.93985770253 0.76882621398 -0.285925700404 -0.706441344606 
0.153656258797 2.05872837947 0.099533917348 2.42430396009 -2.14599215026 1.63399128256 -0.419600680724 -0.227470352381 1.55726318115 -1.17690479734 0.682350930422 2.75579102955 0.214936637252 -0.789324132881 -1.74204648742 -2.65716651861 -2.70628259884 -2.18392629395 0.0554123691832 0.414512050692 
-0.425454270922 3.60056774023 -1.10297716696 -0.432045010251 -0.288494742175 1.07890312891 -0.263549270111 -0.319293434766 0.307864692493 -0.841231830577 1.21702172197 -1.17021706721 -1.18122147419 -0.118146588533 -0.926827214639 -0.368528007446 0.658652365026 -0.367238290092 -1.01562945287 0.676099405575 
1.63566561892 0.810788449923 -2.98501573292 -3.31764479865 -0.235218259072 -3.78096692116 0.781162616433 0.440045302016 -2.25715926426 -1.23477899666 -1.16468550622 0.862186895219 -3.05344817921 0.0207917357478 0.293135137406 4.34769889524 2.80108129126 0.385711925578 1.88773960614 -0.724674285171 
-0.811312937162 -1.48391553826 0.674446849086 2.87871733129 1.0679825436 2.06315259747 0.757163801771 2.69305080748 1.74293435698 -0.132003969758 -0.782812243504 3.36164525065 0.787881996952 0.488206647222 -0.505415725314 -1.9032513934 -1.55486775487 -0.968471340129 -1.00866148124 -0.114232847681 
-1.73550387796 -0.923912430303 -0.985078623498 1.16718441002 1.9209780488 -0.279735201016 0.959087837877 0.867127932969 -0.869434739354 0.200956623656 -0.0660043021578 -2.05253498091 1.4448330793 0.796385264107 -0.29809827781 -0.59594573076 -0.790250821641 -0.475257417373 -0.0813790118514 0.183796312533 
1.44448539212 -0.564671957485 -2.93127053404 -5.62786010704 -0.705468334396 -3.42109225564 0.42947171337 1.16256733645 -2.2339729813 -1.74611634139 -2.58734318182 -0.530346273867 -2.34188982733 1.19695215313 -0.997539490956 2.67280654874 0.997912994493 1.26802692292 -0.249193110179 0.430590651513 
-0.826093127155 -3.00109493498 0.572904452736 5.71770670698 1.72615517017 1.1945828628 2.06579927095 3.13411351284 2.01576909187 0.949380279 1.12181879724 0.293855663436 0.980921662335 -2.07271114046 -2.65738803323 0.952941566653 -3.64071807917 -1.65494887958 -2.46536172809 -0.449590085418 
-0.847537550934 -0.727182016407 -1.07565035783 -0.681666178385 0.659371612785 -0.811329051566 0.904583094898 1.7419041825 -1.47345000955 0.98681272174 -1.26653678101 -2.01818370518 0.202294603372 -1.32821628751 -1.05143596168 -0.0215895942768 -0.260105836705 0.377456707254 -1.05175765352 0.668295369907 
-1.54241809871 1.68017696298 -0.997749020016 -10.0288536091 -4.3691555824 -3.87001335762 -0.662133583537 0.722416378485 -4.43807009742 0.924564335929 -4.16384768107 0.974266097129 -1.06911485427 0.818015574892 -0.651267591014 0.0677405019041 4.74579962207 -0.681135263164 0.266182091589 -0.822549903491 

1.54901648969 0.251846752502 -3.76171173545 2.53542989509 
1.34274933391 -0.317539639846 1.75396654299 -1.8665953686 
-1.23465395069 1.19534471747 -1.00164055276 1.45194905034 
1.90367021247 -1.29436642205 -1.75677410244 2.48601472519 
1.64189013088 -1.75865365355 2.9480669298 -0.349768606548 
-0.959539847668 2.33628856101 -1.15690993119 1.91613391618 
1.03801671593 -1.73364649482 0.760549670256 -0.905296646727 
-2.99931297186 3.05775050413 2.58691833061 -2.3640447197 
2.34922869614 -2.25082347987 -2.38918602452 1.07234423498 
-1.94746518277 4.01652936889 -2.12267278684 -1.39513486114 
-2.35357520351 1.15398026749 -1.58109132879 1.30071368776 
1.18203577185 1.6482264922 -1.84781227381 -2.26463382987 
1.97111579924 -2.51988576522 0.525437314682 -2.57110290336 
-2.73287455542 1.23200021918 -1.27764147517 0.651189130289 
0.8893738096 -1.46289822453 1.37151332043 -1.73854045099 
-2.32253004677 -2.53694969488 1.04701762945 1.88868552644 
-1.60880739381 1.00253069787 0.735575004512 -0.429643844534 
0.519607819943 -1.12658166109 1.69266088972 -0.427155672572 
1.10124569636 -0.188384996411 1.2874128421 -1.65148945221 
-3.36168158704 -3.56268085356 -3.21394437306 -2.80311527778 
